BETA = 1 #BETA is a parameter which weighs the relative importance of pheromone trail and of closeness
K= 50 #K is the number of ants
Q0= 0.3 #Q0 is a constant for defining the probability to take the best road or explore new one according to probability distribution
MAX_CITYS= 30 #Limit problem size to a maximun number of cities 
ALPHA= 0.1
N_MAX_CASES= 5 #When N_MAX_CASES ants converge into the same cost it is considered as a final optimal solution
ITERATIONS = 40
Incremental Q0 every iteration
Ant 0
Route order: [ 0. 13. 15. 17.  4. 16.  9. 10. 14. 27. 21.  1. 20.  8. 28. 11. 25.  6.
 19.  7. 29. 23. 22.  5. 24. 26. 18. 12.  3.  2.]  --  Cost: 125017.02970938469
Ant 1
Route order: [ 0. 27.  9. 10. 20.  8. 11. 28. 25.  6. 29. 12. 16.  4. 14. 22. 23.  7.
 15. 17.  1. 21. 19. 26. 24. 18.  5.  3.  2. 13.]  --  Cost: 122506.331612978
Ant 2
Route order: [ 0.  7.  9. 10. 12. 14. 13. 17. 15.  4. 23. 21.  1. 27. 20. 11. 28.  8.
 29. 18. 26. 24.  5.  2.  3. 16. 22.  6. 25. 19.]  --  Cost: 119545.42759826075
Ant 3
Route order: [ 0.  7. 23. 16. 22. 17. 15.  4. 21.  1. 27. 14. 20.  8. 28. 11.  9. 10.
 19.  6. 25. 29. 18. 26. 24.  5.  3. 12. 13.  2.]  --  Cost: 116593.82484693563
Ant 4
Route order: [ 0. 27. 21.  1. 17. 15.  4. 14. 13.  9. 10. 22. 16. 23.  7. 12.  8. 20.
 11. 29. 18. 26. 24.  5.  3.  2.  6. 25. 19. 28.]  --  Cost: 120982.90407609873
Ant 5
Route order: [ 0. 17. 15.  4. 10.  9.  3. 14. 27.  1. 21.  7. 25.  6. 19. 20. 11. 28.
  8. 29. 24. 18. 26.  5. 12. 16. 22. 23.  2. 13.]  --  Cost: 120029.24296507084
Ant 6
Route order: [ 0. 25.  6.  4. 16. 22. 23. 10.  9. 19. 20. 11. 28.  8. 29. 18. 26. 24.
  5.  3. 13.  7.  1. 21. 27. 17. 15. 14.  2. 12.]  --  Cost: 119119.13563982859
Ant 7
Route order: [ 0. 22. 16. 23.  4.  1. 21. 13. 17. 15. 29. 20.  8. 28. 11. 19. 25.  6.
 27. 14. 10.  9.  7. 24. 26. 18.  5.  3.  2. 12.]  --  Cost: 121336.33733428316
Ant 8
Route order: [ 0. 15. 17.  4. 27. 21.  1. 23.  7.  5.  3.  2. 24. 26. 18. 29.  8. 28.
 11. 12. 10.  9. 22. 16.  6. 25. 19. 20. 13. 14.]  --  Cost: 114237.59602002271
Ant 9
Route order: [ 0. 17. 22. 23.  7. 12.  8. 28. 11. 20. 29. 26. 24. 18.  5.  3.  2. 16.
 10.  9.  4. 13. 14. 27. 21.  1. 25.  6. 19. 15.]  --  Cost: 107548.88461381981
Ant 10
Route order: [ 0. 13. 14.  7. 10.  9. 29. 23. 16. 22.  4. 15. 17. 27. 21.  1. 20. 11.
 28.  8. 25.  6. 19. 12. 18. 26. 24.  5.  3.  2.]  --  Cost: 113231.55279508981
Ant 11
Route order: [ 0. 16. 22. 23.  7. 12. 19.  6. 25. 10.  9.  1. 21. 27. 14. 13. 17. 15.
  4.  5.  3.  2. 24. 26. 18. 29. 20. 11. 28.  8.]  --  Cost: 109383.4652616407
Ant 12
Route order: [ 0.  7. 22. 15. 17. 23. 10.  9.  4. 14. 27.  6. 25. 19.  8. 28. 11. 20.
 29. 18. 26. 24. 13.  5.  3.  2. 21.  1. 16. 12.]  --  Cost: 115518.27641500652
Ant 13
Route order: [ 0.  7. 23. 16. 22. 21.  1. 27. 17. 15.  4. 14. 13.  3.  2.  5. 18. 26.
 24. 12.  8. 28. 11. 20. 29. 10.  9. 19.  6. 25.]  --  Cost: 104338.5818314146
Ant 14
Route order: [ 0.  7. 12. 22. 16. 23. 17. 15.  5. 24. 26. 18. 29.  8. 28. 11. 20.  6.
 25. 19. 13.  4.  1. 21. 27. 14. 10.  9.  3.  2.]  --  Cost: 116031.19921710441
Ant 15
Route order: [ 0. 13. 27. 21.  1.  4. 15. 17. 10.  9. 22. 16. 23. 12.  7. 19.  6. 25.
 20.  8. 28. 11.  5. 18. 26. 24. 29.  3.  2. 14.]  --  Cost: 113148.06565620571
Ant 16
Route order: [ 0. 16. 22. 23.  7. 11. 28. 20.  8. 12. 29. 18. 26. 24.  5. 10.  9.  1.
 15. 17.  4. 27. 21. 19.  6. 25. 14. 13.  2.  3.]  --  Cost: 116727.37945476017
Ant 17
Route order: [ 0. 13. 22. 23. 28. 11.  8. 20. 29. 18. 26. 24.  5.  3.  2. 14. 17. 15.
  4.  1. 21. 27. 10.  9. 19. 25.  6. 12. 16.  7.]  --  Cost: 104149.01257803221
Ant 18
Route order: [ 0.  7. 13. 23. 16. 22.  9. 10. 12. 11. 29. 18. 26. 24.  5.  3.  2.  4.
 17. 15. 27. 21.  1.  6. 25.  8. 28. 20. 19. 14.]  --  Cost: 115126.10539899165
Ant 19
Route order: [ 0. 15. 17. 22. 16.  9. 10. 19.  6. 25.  8. 20. 28. 11. 18. 26. 24.  5.
  3. 13. 14. 27. 21.  1.  4. 23. 12.  7.  2. 29.]  --  Cost: 115287.13491133538
Ant 20
Route order: [ 0. 13. 15. 17. 14. 10.  9. 19.  6. 25. 12.  7. 23. 16. 22. 27.  4. 21.
  1. 11. 28.  8. 20. 29. 18. 26. 24.  5.  3.  2.]  --  Cost: 104175.26994323207
Ant 21
Route order: [ 0.  7. 23. 16. 22. 15. 17.  4. 12. 20.  8. 28. 11.  1. 21. 27. 14. 13.
  2.  3. 18. 24. 26.  5. 29.  6. 25. 19. 10.  9.]  --  Cost: 113121.86279351413
Ant 22
Route order: [ 0.  4. 15. 17.  7. 12.  3.  5. 24. 18. 26. 10.  9. 21.  1. 27.  6. 25.
 19. 16. 22. 23. 20.  8. 28. 11. 29.  2. 14. 13.]  --  Cost: 119330.05168811648
Ant 23
Route order: [ 0. 13. 14. 27. 21.  1.  7. 23. 16. 22. 10.  9. 19.  6. 25. 12. 29. 11.
 28.  8. 20. 24. 18. 26.  5.  3.  2. 15. 17.  4.]  --  Cost: 100729.73485983472
Ant 24
Route order: [ 0.  4. 27. 21.  1. 14. 15. 17. 16. 22. 23.  7.  9. 10. 19.  6. 25. 29.
 12.  3. 18. 26. 24.  5.  8. 28. 11. 20.  2. 13.]  --  Cost: 119480.29784231745
Ant 25
Route order: [ 0. 15. 17.  4. 21. 27. 28. 11.  8. 20. 29. 18. 26. 24. 12.  7.  5.  3.
  2. 13. 23. 22. 16. 19.  6. 25.  1. 10.  9. 14.]  --  Cost: 112088.40822078091
Ant 26
Route order: [ 0. 15. 17.  4. 27. 21.  1. 10.  9. 12. 29. 20. 11. 28.  8. 24. 26. 18.
  5.  3. 13. 14.  2. 19.  6. 25. 16. 22. 23.  7.]  --  Cost: 111317.80976094794
Ant 27
Route order: [ 0.  7. 15. 17.  4. 27.  1. 21.  9. 10. 16. 22. 23. 12. 29. 11. 28. 20.
  8. 25.  6. 19. 24.  5. 18. 26.  3.  2. 14. 13.]  --  Cost: 103321.69027537362
Ant 28
Route order: [ 0. 17. 15.  4. 22. 16. 23.  7. 12. 29. 28. 11.  8. 20.  6. 25. 19. 13.
 24. 26. 18.  5.  3.  2. 14. 27. 21.  1. 10.  9.]  --  Cost: 106757.40900675367
Ant 29
Route order: [ 0.  7. 13. 14. 17. 15. 20. 11. 28.  8. 25.  6. 19. 12. 29. 18. 26. 24.
  5.  3.  2. 23. 16. 22. 27.  9. 10. 21.  1.  4.]  --  Cost: 107491.03741035039
Ant 30
Route order: [ 0.  7. 23. 27. 21.  1.  4. 17. 15. 22. 16. 10.  9. 12. 18. 26. 24.  5.
  3.  2. 19.  6. 25.  8. 28. 11. 20. 29. 14. 13.]  --  Cost: 107739.65963678187
Ant 31
Route order: [ 0. 23. 18. 26. 24.  5.  3.  2.  7. 19.  6. 25. 20. 11. 28.  8. 29. 12.
 13. 14.  4. 15. 17. 27. 21.  1. 10.  9. 22. 16.]  --  Cost: 107726.80227305314
Ant 32
Route order: [ 0. 17. 15.  4. 27. 21.  1.  9. 10. 16. 22. 23.  7. 14. 13. 25.  6. 19.
  8. 28. 11. 20. 29. 18. 26. 24.  3.  2.  5. 12.]  --  Cost: 104110.50373395522
Ant 33
Route order: [ 0.  7. 22. 16. 17. 15. 23. 10.  9. 19.  6. 25.  8. 28. 11. 20. 29. 18.
 26. 24.  5.  3.  2. 12.  1. 21. 27.  4. 14. 13.]  --  Cost: 97498.46010290341
Ant 34
Route order: [ 0. 15. 17.  4. 14. 13. 12. 18. 26. 24.  5.  3. 29. 11. 28.  8. 20. 25.
  6. 19. 21.  1. 27.  9. 10. 16. 22. 23.  7.  2.]  --  Cost: 108580.4030617532
Ant 35
Route order: [ 0.  7. 23. 16. 22.  9. 10. 15. 17.  4. 21.  1. 14. 27.  8. 12. 29. 28.
 11. 20. 25.  6. 19. 18. 26. 24.  5.  3.  2. 13.]  --  Cost: 112332.61215693151
Ant 36
Route order: [ 0.  7.  5.  3. 24. 26. 18. 29. 11. 20.  8. 28. 25.  6. 19.  9. 10. 12.
 16. 22. 23. 15. 17.  4. 27. 21.  1. 14. 13.  2.]  --  Cost: 104459.79111209311
Ant 37
Route order: [ 0. 13. 14. 27. 21.  1.  4. 22. 15. 16. 17.  7. 10.  9. 12. 26. 24. 18.
  5.  3.  2. 29. 20. 11. 28.  8.  6. 25. 19. 23.]  --  Cost: 107820.71653628982
Ant 38
Route order: [ 0. 17. 15.  4. 27. 21.  1.  9. 10. 25.  6. 20.  8. 28. 11. 19. 22. 16.
 23.  7. 12. 29. 18. 26. 24.  5.  3.  2. 14. 13.]  --  Cost: 100768.56965427764
Ant 39
Route order: [ 0. 14. 13. 17. 15.  4.  9. 10. 16. 22. 27. 21.  1.  7. 12. 19.  6. 25.
 28. 11. 20.  8. 29. 18. 26. 24.  5.  3.  2. 23.]  --  Cost: 104845.79923163117
Ant 40
Route order: [ 0. 15. 17.  4. 27. 16. 23. 21.  1. 10.  9. 19.  6. 25. 20. 28. 11.  8.
  7. 12. 29. 18. 26. 24.  5.  3.  2. 14. 13. 22.]  --  Cost: 106241.42048060821
Ant 41
Route order: [ 0.  4. 27. 21.  1.  9. 10. 16. 22. 23.  7. 15. 17. 13. 14. 12. 29. 11.
 28.  8. 20. 25.  6. 19. 26. 24. 18.  5.  3.  2.]  --  Cost: 104951.49346051877
Ant 42
Route order: [ 0. 13. 23. 16. 22. 15. 17.  4. 14. 27. 21.  1.  9. 10.  7. 11. 28.  8.
 20. 18. 26. 24.  5.  3.  2. 19. 25.  6. 29. 12.]  --  Cost: 115463.01004468759
Ant 43
Route order: [ 0.  7. 26. 24.  5.  3.  2. 18. 29. 11. 28.  8. 20. 12. 19. 25.  6.  4.
 22. 23. 16. 10.  9.  1. 21. 27. 13. 14. 17. 15.]  --  Cost: 104884.5233707641
Ant 44
Route order: [ 0. 15. 17.  4. 14. 21.  1. 10.  9. 16. 22. 23. 13.  3.  2.  5. 18. 26.
 24.  8. 28. 11. 20. 29. 12. 19.  6. 25. 27.  7.]  --  Cost: 104796.07414775105
Ant 45
Route order: [ 0.  7. 12.  5. 24. 18. 26. 29. 20. 11. 28.  8.  1. 21. 16. 22. 23. 10.
  9. 25.  6. 19.  4. 27. 14. 13. 15. 17.  3.  2.]  --  Cost: 111252.77048674002
Ant 46
Route order: [ 0. 13. 17. 15.  4. 27. 21.  1.  9. 10. 20. 11. 28.  8. 29. 18. 26. 24.
  5.  3.  2.  6. 25. 19. 12.  7. 23. 16. 22. 14.]  --  Cost: 104056.84280438346
Ant 47
Route order: [ 0.  4. 27. 21.  1. 17. 15.  7. 12. 18. 26. 24. 29. 20.  8. 28. 11.  5.
  3.  2. 14. 13. 22. 23. 16.  9. 10. 19.  6. 25.]  --  Cost: 108370.99384743086
Ant 48
Route order: [ 0.  7.  9. 10.  1. 21. 22. 23. 16. 27.  4.  8. 20. 28. 11. 18. 26. 24.
  5.  3.  2. 19.  6. 25. 29. 12. 13. 14. 15. 17.]  --  Cost: 121960.48404810671
Ant 49
Route order: [ 0.  7. 14. 15. 17.  4. 27. 21.  1. 10.  9. 24. 26. 18. 29. 11. 28.  8.
 20. 12. 19.  6. 25. 23. 16. 22.  5.  3.  2. 13.]  --  Cost: 105289.14764169279
