BETA = 2 #BETA is a parameter which weighs the relative importance of pheromone trail and of closeness
K= 50 #K is the number of ants
Q0= 0.3 #Q0 is a constant for defining the probability to take the best road or explore new one according to probability distribution
ALPHA= 0.1
N_MAX_CASES= 7 #When N_MAX_CASES ants converge into the same cost it is considered as a final optimal solution
ITERATIONS = 20
Increase q0 only when is a improvement

Ant 0
Route order: [ 0. 12. 13. 14.  4.  1.  9.  6.  8. 10. 11.  7.  5.  3.  2.]  --  Cost: 81608.7912233732
Ant 1
Route order: [ 0. 12. 13. 14.  4.  1.  9.  7. 11.  5.  3.  2.  6.  8. 10.]  --  Cost: 95606.17895383856
Ant 2
Route order: [ 0.  7. 14.  4.  1.  9. 11. 10.  8.  6. 13. 12.  3.  5.  2.]  --  Cost: 90261.89312727397
Ant 3
Route order: [ 0. 12.  4. 14.  7. 11. 10.  8.  6.  9.  1. 13.  5.  3.  2.]  --  Cost: 87871.01603410445
Ant 4
Route order: [ 0. 12. 13. 14.  4.  1.  9. 11.  5.  3.  7.  6.  8. 10.  2.]  --  Cost: 98934.68705303647
Ant 5
Route order: [ 0. 12. 13. 14.  4.  1.  9.  6.  8. 10. 11.  7.  5.  3.  2.]  --  Cost: 81608.7912233732
Ant 6
Route order: [ 0. 12. 13.  4. 14.  7. 11.  1.  9.  6.  8. 10.  5.  3.  2.]  --  Cost: 86939.05842043538
Ant 7
Route order: [ 0. 12.  7. 11. 10.  8.  6.  9.  4. 13.  1. 14.  5.  3.  2.]  --  Cost: 88109.4802115676
Ant 8
Route order: [ 0. 12. 13. 14.  4.  1.  9.  6.  8. 10. 11.  7.  5.  3.  2.]  --  Cost: 81608.7912233732
Ant 9
Route order: [ 0. 12. 13.  4. 14.  1.  9.  6.  8. 10. 11.  5.  3.  2.  7.]  --  Cost: 82095.33360737452
Ant 10
Route order: [ 0.  7. 11. 10.  8.  6.  9. 14.  4.  1. 13. 12.  3.  2.  5.]  --  Cost: 85542.1904612505
Ant 11
Route order: [ 0. 12. 13. 14.  4.  1.  9.  6.  8. 10. 11.  7.  3.  5.  2.]  --  Cost: 84674.01328552203
Ant 12
Route order: [ 0. 12. 13.  3.  5. 11. 10.  8.  6.  9.  1.  4. 14.  7.  2.]  --  Cost: 91432.80142703291
Ant 13
Route order: [ 0. 12. 13. 14.  4.  1.  9.  6.  8. 10. 11.  7.  3.  5.  2.]  --  Cost: 84674.01328552203
Ant 14
Route order: [ 0. 12. 14.  4.  1.  9.  6.  8. 10. 11.  7. 13.  5.  3.  2.]  --  Cost: 87480.60965892082
Ant 15
Route order: [ 0. 12. 13. 14.  4.  1.  9.  6.  8. 10. 11.  7.  5.  3.  2.]  --  Cost: 81608.7912233732
Ant 16
Route order: [ 0. 12. 13. 14.  4.  1.  9.  6.  8. 10. 11.  7.  5.  3.  2.]  --  Cost: 81608.7912233732
Ant 17
Route order: [ 0. 12. 13. 14.  4.  1.  9.  7. 11. 10.  8.  6.  5.  3.  2.]  --  Cost: 88882.69795334444
Ant 18
Route order: [ 0. 12. 13. 14.  4.  1.  9.  7. 11. 10.  8.  6.  3.  2.  5.]  --  Cost: 92086.909307888
Ant 19
Route order: [ 0. 12. 13.  4. 14.  7. 11. 10.  8.  6.  9.  1.  3.  2.  5.]  --  Cost: 88751.75300410487
Ant 20
Route order: [ 0. 12. 13.  4.  1.  9.  6.  8. 10. 11.  7. 14.  3.  5.  2.]  --  Cost: 88000.57847701153
Ant 21
Route order: [ 0. 12. 13. 14.  4.  1.  9.  6.  8. 10. 11.  5.  3.  2.  7.]  --  Cost: 81356.74003776001
Ant 22
Route order: [ 0. 12. 13.  4. 14.  7.  3.  5. 11. 10.  8.  6.  9.  1.  2.]  --  Cost: 91921.44733002869
Ant 23
Route order: [ 0. 12. 13. 14.  4.  1.  9. 11. 10.  8.  6.  7.  5.  3.  2.]  --  Cost: 86955.09778123413
Ant 24
Route order: [ 0. 12. 13. 14.  4.  1.  9.  6.  8. 10. 11.  7.  5.  3.  2.]  --  Cost: 81608.7912233732
Ant 25
Route order: [ 0. 12. 13. 14.  4.  1.  9.  6.  8. 10. 11.  7.  5.  3.  2.]  --  Cost: 81608.7912233732
Ant 26
Route order: [ 0. 12. 13. 14.  4.  1.  9.  6.  8. 10. 11.  7.  3.  5.  2.]  --  Cost: 84674.01328552203
Ant 27
Route order: [ 0. 12. 13.  1.  9. 14.  4.  6.  8. 10. 11.  7.  5.  3.  2.]  --  Cost: 87256.27001924426
Ant 28
Route order: [ 0.  7. 14.  4.  1.  9.  6. 10.  8. 11. 12. 13.  3.  5.  2.]  --  Cost: 92794.40229889413
Ant 29
Route order: [ 0. 12. 13. 14.  4.  1.  9.  6.  8. 10.  7. 11.  5.  3.  2.]  --  Cost: 84940.25683013143
Ant 30
Route order: [ 0. 12. 13. 14.  4.  1.  9.  6.  8. 10. 11.  7.  5.  3.  2.]  --  Cost: 81608.7912233732
Ant 31
Route order: [ 0. 12. 13. 14.  4.  1.  9.  6.  8. 10. 11.  7.  5.  3.  2.]  --  Cost: 81608.7912233732
Ant 32
Route order: [ 0. 12. 13. 14.  4.  1.  9.  6.  8. 10. 11.  7.  5.  3.  2.]  --  Cost: 81608.7912233732
Ant 33
Route order: [ 0. 12. 13. 14.  4.  1.  9.  6.  8. 10. 11.  7.  5.  3.  2.]  --  Cost: 81608.7912233732
Ant 34
Route order: [ 0. 12. 13. 14.  4.  1.  9.  6.  8. 10. 11.  7.  5.  3.  2.]  --  Cost: 81608.7912233732
Ant 35
Route order: [ 0. 12. 13. 14.  4.  1.  9.  6.  8. 10. 11.  7.  5.  3.  2.]  --  Cost: 81608.7912233732
Ant 36
Route order: [ 0. 12. 13. 14.  4.  1.  9.  6.  8. 10. 11.  7.  5.  3.  2.]  --  Cost: 81608.7912233732
---
Ant 0
Route order: [ 0. 14.  4. 13. 12.  3.  5. 11. 10.  8.  6.  9.  1.  7.  2.]  --  Cost: 90762.73226373189
Ant 1
Route order: [ 0. 14.  4. 13.  1.  9.  7. 11. 10.  8.  6.  2.  3.  5. 12.]  --  Cost: 91771.2744350101
Ant 2
Route order: [ 0. 12.  7. 11. 10.  8.  6.  9.  1.  4. 14. 13.  3.  5.  2.]  --  Cost: 87170.9256066308
Ant 3
Route order: [ 0. 14.  4. 13.  1.  9.  7. 12.  3.  5. 10.  8.  6. 11.  2.]  --  Cost: 97649.84417662164
Ant 4
Route order: [ 0.  7. 11.  1.  4. 13. 14.  9.  6. 10.  8.  5.  2.  3. 12.]  --  Cost: 90065.96032778102
Ant 5
Route order: [ 0. 14.  4.  1.  7. 12. 13. 11. 10.  8.  6.  9.  5.  3.  2.]  --  Cost: 92942.20542866795
Ant 6
Route order: [ 0.  7. 11. 12.  4. 14. 13.  1.  9.  6.  8. 10.  5.  3.  2.]  --  Cost: 88664.02382483668
Ant 7
Route order: [ 0.  7. 11. 10.  8.  6.  9.  1.  4. 14. 13. 12.  3.  5.  2.]  --  Cost: 83997.09234552548
Ant 8
Route order: [ 0. 14.  4. 11. 10.  8.  6.  9.  1. 13. 12.  7.  5.  3.  2.]  --  Cost: 86980.78548052072
Ant 9
Route order: [ 0. 14.  4. 13. 12.  3.  5. 11. 10.  8.  6.  9.  1.  7.  2.]  --  Cost: 90762.73226373189
Ant 10
Route order: [ 0. 14.  4. 13. 12.  7. 11. 10.  8.  6.  9.  1.  3.  5.  2.]  --  Cost: 90437.08736617275
Ant 11
Route order: [ 0. 14.  4. 13. 12.  7. 11. 10.  8.  6.  9.  1.  5.  2.  3.]  --  Cost: 89167.04020474752
Ant 12
Route order: [ 0. 14.  4. 13.  1.  9.  7. 12.  3.  5. 11. 10.  8.  6.  2.]  --  Cost: 97406.19438768778
Ant 13
Route order: [ 0.  7. 11. 10.  8.  6.  9.  1.  4. 13. 12.  3.  5.  2. 14.]  --  Cost: 86514.85738278904
Ant 14
Route order: [ 0. 14.  4. 13. 12.  7. 11. 10.  8.  6.  9.  1.  3.  5.  2.]  --  Cost: 90437.08736617275
Ant 15
Route order: [ 0. 14.  4. 13. 12.  7. 11. 10.  8.  6.  9.  1.  3.  5.  2.]  --  Cost: 90437.08736617275
Ant 16
Route order: [ 0. 14.  4. 13. 12.  7. 11. 10.  8.  6.  9.  1.  5.  3.  2.]  --  Cost: 87880.0635713365
Ant 17
Route order: [ 0. 14.  4.  7. 12.  3.  2.  5. 11. 10.  8.  6.  9.  1. 13.]  --  Cost: 84811.55968868616
Ant 18
Route order: [ 0. 13. 12.  7. 11. 10.  8.  6.  9.  1.  4. 14.  3.  5.  2.]  --  Cost: 88737.0644743781
Ant 19
Route order: [ 0. 14.  4. 13. 12.  3.  5.  2.  7. 11. 10.  8.  6.  9.  1.]  --  Cost: 87642.68110876797
Ant 20
Route order: [ 0. 14.  4. 13. 12.  7. 11.  9.  1.  6. 10.  8.  5.  3.  2.]  --  Cost: 89534.72492719899
Ant 21
Route order: [ 0.  7. 11. 10.  8.  6.  9.  1.  4. 14. 13. 12.  3.  5.  2.]  --  Cost: 83997.09234552548
Ant 22
Route order: [ 0. 14.  4. 13. 12.  7. 11. 10.  8.  6.  9.  1.  5.  3.  2.]  --  Cost: 87880.0635713365
Ant 23
Route order: [ 0. 14.  4. 13. 12.  7. 11. 10.  8.  6.  9.  1.  5.  3.  2.]  --  Cost: 87880.0635713365
Ant 24
Route order: [ 0. 14.  4. 13. 12.  7. 11. 10.  8.  6.  9.  1.  5.  3.  2.]  --  Cost: 87880.0635713365
Ant 25
Route order: [ 0. 14.  4. 13. 12.  7. 11. 10.  8.  6.  9.  1.  5.  3.  2.]  --  Cost: 87880.0635713365
Ant 26
Route order: [ 0.  7. 11. 10.  8.  6.  9.  1.  4. 14. 13. 12.  3.  5.  2.]  --  Cost: 83997.09234552548
Ant 27
Route order: [ 0. 12.  7. 11. 10.  8.  6.  9.  1.  4. 13. 14.  5.  3.  2.]  --  Cost: 85481.02262554789
Ant 28
Route order: [ 0. 14.  4. 13. 12.  7. 11. 10.  8.  6.  9.  1.  5.  3.  2.]  --  Cost: 87880.0635713365
Ant 29
Route order: [ 0.  7. 11. 10.  8.  6.  9.  1. 13. 14.  4. 12.  3.  5.  2.]  --  Cost: 86105.43081084915
Ant 30
Route order: [ 0. 14.  4. 13. 12.  3.  5. 11. 10.  8.  6.  9.  1.  7.  2.]  --  Cost: 90762.73226373189
Ant 31
Route order: [ 0. 14.  4. 13. 12.  7. 11. 10.  8.  6.  9.  1.  5.  3.  2.]  --  Cost: 87880.0635713365
Ant 32
Route order: [ 0. 14.  4. 13. 12.  7. 11. 10.  8.  6.  9.  1.  5.  3.  2.]  --  Cost: 87880.0635713365
Ant 33
Route order: [ 0. 14.  4. 13. 12.  3.  5. 11. 10.  8.  6.  9.  1.  7.  2.]  --  Cost: 90762.73226373189
Ant 34
Route order: [ 0.  7. 11. 10.  8.  6.  9.  1.  4. 13. 12.  3.  5.  2. 14.]  --  Cost: 86514.85738278904
Ant 35
Route order: [ 0. 14.  4.  7. 11. 10.  8.  6.  9.  1. 13. 12.  5.  2.  3.]  --  Cost: 86762.52008099933
Ant 36
Route order: [ 0. 14.  4. 13. 12.  7. 11. 10.  8.  6.  9.  1.  5.  3.  2.]  --  Cost: 87880.0635713365
Ant 37
Route order: [ 0. 14.  4. 13. 12.  7.  2.  3.  5. 11. 10.  8.  6.  9.  1.]  --  Cost: 85511.66661469203
Ant 38
Route order: [ 0.  7. 11. 10.  8.  6.  9.  1.  4. 13. 12.  5.  3.  2. 14.]  --  Cost: 85420.12237332205
Ant 39
Route order: [ 0. 14.  4. 13. 12.  7. 11. 10.  8.  6.  9.  1.  5.  3.  2.]  --  Cost: 87880.0635713365
Ant 40
Route order: [ 0. 14.  4. 13. 12.  7. 11. 10.  8.  6.  9.  1.  5.  3.  2.]  --  Cost: 87880.0635713365
Ant 41
Route order: [ 0.  7. 11. 10.  8.  6.  9.  1.  4. 13. 12.  3.  5.  2. 14.]  --  Cost: 86514.85738278904
Ant 42
Route order: [ 0. 14.  4. 13. 12.  7. 11. 10.  8.  6.  9.  1.  5.  3.  2.]  --  Cost: 87880.0635713365
Ant 43
Route order: [ 0. 12.  7. 11. 10.  8.  6.  9.  1.  4. 13. 14.  5.  3.  2.]  --  Cost: 85481.02262554789
Ant 44
Route order: [ 0. 14.  4.  1. 13. 12.  7. 11. 10.  8.  6.  9.  5.  3.  2.]  --  Cost: 87667.4595659567
Ant 45
Route order: [ 0. 14.  4. 13. 12.  7. 11. 10.  8.  6.  9.  1.  5.  3.  2.]  --  Cost: 87880.0635713365
Ant 46
Route order: [ 0. 14.  4. 13. 12.  7. 11. 10.  8.  6.  9.  1.  5.  3.  2.]  --  Cost: 87880.0635713365
Ant 47
Route order: [ 0. 14.  4. 13. 12.  7. 11. 10.  8.  6.  9.  1.  5.  3.  2.]  --  Cost: 87880.0635713365
Ant 48
Route order: [ 0. 14.  4. 13. 12.  7. 11. 10.  8.  6.  9.  1.  5.  3.  2.]  --  Cost: 87880.0635713365
Ant 49
Route order: [ 0. 14.  4. 13. 12.  7. 11. 10.  8.  6.  9.  1.  5.  3.  2.]  --  Cost: 87880.0635713365
.....
Ant 0
Route order: [ 0. 12. 13.  1.  4. 14.  7. 11.  9.  6. 10.  8.  5.  3.  2.]  --  Cost: 87928.63453442964
Ant 1
Route order: [ 0.  7. 11.  9.  1.  4. 14. 13.  6.  8. 10.  5.  3.  2. 12.]  --  Cost: 85960.74669785565
Ant 2
Route order: [ 0.  7. 14.  4.  1.  9.  6.  8. 10. 11.  5.  3. 12. 13.  2.]  --  Cost: 88268.41785647269
Ant 3
Route order: [ 0. 14.  4. 13. 12.  7. 11.  1.  9.  6. 10.  8.  5.  3.  2.]  --  Cost: 90136.90917900778
Ant 4
Route order: [ 0. 12. 14.  4.  1.  9.  7. 13.  6.  8. 10. 11.  5.  3.  2.]  --  Cost: 89103.19598340543
Ant 5
Route order: [ 0. 14.  4.  1. 13. 12.  7. 11.  9.  6. 10.  8.  5.  3.  2.]  --  Cost: 88900.54607947738
Ant 6
Route order: [ 0.  7. 11. 14.  4.  1.  9.  6.  8. 10.  5.  3. 12. 13.  2.]  --  Cost: 92536.6591901429
Ant 7
Route order: [ 0.  7.  4. 14. 13. 12.  1.  9.  6.  8. 10. 11.  5.  3.  2.]  --  Cost: 85279.35539320539
Ant 8
Route order: [ 0.  7. 13. 12. 14.  4.  1.  9. 11.  5.  3.  2. 10.  8.  6.]  --  Cost: 96012.72786972669
Ant 9
Route order: [ 0. 14.  4.  9.  7. 11. 10.  8.  6.  1. 13. 12.  5.  3.  2.]  --  Cost: 88287.36112833067
Ant 10
Route order: [ 0.  7. 11.  5.  3.  2. 14.  4. 13. 12.  1.  9.  6.  8. 10.]  --  Cost: 92085.2541009648
Ant 11
Route order: [ 0.  7. 11. 10.  8.  6.  5.  3.  2. 12.  1.  9. 14.  4. 13.]  --  Cost: 90159.42417123634
Ant 12
Route order: [ 0. 14.  4. 13. 12.  3.  5.  8. 10. 11.  9.  6.  1.  7.  2.]  --  Cost: 96648.10785343513
Ant 13
Route order: [ 0.  7.  9.  6.  8. 10. 11.  5.  3.  2. 13. 12.  1.  4. 14.]  --  Cost: 86270.18232260524
Ant 14
Route order: [ 0. 14.  4. 13. 12.  1.  9.  6.  8. 10. 11.  5.  3.  2.  7.]  --  Cost: 85134.02252534586
Ant 15
Route order: [ 0. 12. 13. 14.  4.  1.  9.  6.  8. 10. 11.  5.  3.  2.  7.]  --  Cost: 81356.74003776001
Ant 16
Route order: [ 0.  7. 11.  5.  3.  2. 12.  4.  1.  9.  6.  8. 10. 14. 13.]  --  Cost: 87926.7084988663
Ant 17
Route order: [ 0. 14.  4.  1.  9.  6.  8. 10. 11.  5.  3.  2. 12. 13.  7.]  --  Cost: 80922.74914435882
Ant 18
Route order: [ 0.  7. 11.  5.  3.  2. 14.  4.  1.  9.  6.  8. 10. 13. 12.]  --  Cost: 90022.70268905906
Ant 19
Route order: [ 0.  7. 11.  9.  1.  4. 14. 13. 12.  3.  2.  5. 10.  8.  6.]  --  Cost: 90020.893577802
Ant 20
Route order: [ 0.  7. 11.  5.  3.  2. 12. 13. 14.  4.  1.  9.  6.  8. 10.]  --  Cost: 85330.45608543148
Ant 21
Route order: [ 0. 12. 13. 14.  4.  1.  9.  6.  8. 10. 11.  5.  3.  2.  7.]  --  Cost: 81356.74003776001
Ant 22
Route order: [ 0.  7. 14.  4.  1.  9.  6.  8. 10. 11.  5.  3.  2. 13. 12.]  --  Cost: 81597.21841918609
Ant 23
Route order: [ 0.  7. 11.  5.  3.  2. 12. 13. 14.  4.  1.  9.  6.  8. 10.]  --  Cost: 85330.45608543148
Ant 24
Route order: [ 0.  7. 14.  4.  1.  9.  6.  8. 10. 11.  5.  3.  2. 12. 13.]  --  Cost: 80198.99026803675
Ant 25
Route order: [ 0.  7. 11.  5.  3.  2. 12. 13.  1.  9.  6.  8. 10.  4. 14.]  --  Cost: 86722.88455649184
Ant 26
Route order: [ 0. 12. 13. 14.  4.  1.  9.  6.  8. 10. 11.  5.  3.  2.  7.]  --  Cost: 81356.74003776001
Ant 27
Route order: [ 0.  7. 11.  5.  3.  2. 12. 13.  4. 14.  1.  9.  6.  8. 10.]  --  Cost: 86069.04965504598
Ant 28
Route order: [ 0.  7. 11.  5.  3.  2. 12. 13.  4. 14.  1.  9.  6.  8. 10.]  --  Cost: 86069.04965504598
Ant 29
Route order: [ 0.  7. 14.  4.  1.  9.  6.  8. 10. 11.  5.  3.  2. 12. 13.]  --  Cost: 80198.99026803675
Ant 30
Route order: [ 0.  7. 11.  5.  3.  2. 12. 13.  4.  1.  9.  6.  8. 10. 14.]  --  Cost: 86309.6805383809
Ant 31
Route order: [ 0.  7. 14.  4.  1.  9.  6.  8. 10. 11.  5.  3.  2. 12. 13.]  --  Cost: 80198.99026803675
Ant 32
Route order: [ 0.  7. 11.  5.  3.  2. 13. 14.  4.  1.  9.  6.  8. 10. 12.]  --  Cost: 87934.87452257451
Ant 33
Route order: [ 0.  7.  4.  1.  9.  6.  8. 10. 11.  5.  3.  2. 12. 13. 14.]  --  Cost: 81042.32241493565
Ant 34
Route order: [ 0.  7. 11.  5.  3.  2. 12. 13. 14.  4.  1.  9.  6.  8. 10.]  --  Cost: 85330.45608543148
Ant 35
Route order: [ 0.  7. 11.  5.  3.  2. 12. 13. 14.  4.  1.  9.  6.  8. 10.]  --  Cost: 85330.45608543148
Ant 36
Route order: [ 0.  7. 11.  5.  3.  2. 12. 13.  4.  1.  9.  6.  8. 10. 14.]  --  Cost: 86309.6805383809
Ant 37
Route order: [ 0.  7. 11.  5.  3.  2. 12. 13. 14.  4.  1.  9.  6.  8. 10.]  --  Cost: 85330.45608543148
Ant 38
Route order: [ 0.  7. 11.  5.  3.  2. 12. 13. 14.  4.  1.  9.  6.  8. 10.]  --  Cost: 85330.45608543148
Ant 39
Route order: [ 0.  7. 11.  5.  3.  2. 12. 13. 14.  4.  1.  9.  6.  8. 10.]  --  Cost: 85330.45608543148
Ant 40
Route order: [ 0.  7. 11.  5.  3.  2. 12. 13. 14.  4.  1.  9.  6.  8. 10.]  --  Cost: 85330.45608543148
Ant 41
Route order: [ 0. 12. 13. 14.  4.  1.  9.  6.  8. 10. 11.  5.  3.  2.  7.]  --  Cost: 81356.74003776001
Ant 42
Route order: [ 0.  7. 11.  5.  3.  2. 12. 13.  4.  1.  9.  6.  8. 10. 14.]  --  Cost: 86309.6805383809
Ant 43
Route order: [ 0.  7. 11.  5.  3.  2. 12. 13. 14.  4.  1.  9.  6.  8. 10.]  --  Cost: 85330.45608543148
Ant 44
Route order: [ 0.  7. 11.  5.  3.  2. 12. 13. 14.  4.  1.  9.  6.  8. 10.]  --  Cost: 85330.45608543148
Ant 45
Route order: [ 0.  7. 11.  5.  3.  2. 12. 13. 14.  4.  1.  9.  6.  8. 10.]  --  Cost: 85330.45608543148
Ant 46
Route order: [ 0.  7. 11.  5.  3.  2. 12. 13. 14.  4.  1.  9.  6.  8. 10.]  --  Cost: 85330.45608543148
Ant 47
Route order: [ 0.  7. 11.  5.  3.  2. 12. 13. 14.  4.  1.  9.  6.  8. 10.]  --  Cost: 85330.45608543148
Ant 48
Route order: [ 0.  7. 11.  5.  3.  2. 12. 13. 14.  4.  1.  9.  6.  8. 10.]  --  Cost: 85330.45608543148
Ant 49
Route order: [ 0.  7. 11.  5.  3.  2. 12. 13. 14.  4.  1.  9.  6.  8. 10.]  --  Cost: 85330.45608543148
.....

Ant 0
Route order: [ 0. 14.  4.  1. 13.  7. 11. 10.  8.  6.  9.  3.  5.  2. 12.]  --  Cost: 88919.18926142731
Ant 1
Route order: [ 0. 14.  4.  7. 11.  5. 10.  8.  6.  1.  9. 13. 12.  3.  2.]  --  Cost: 92319.16719403188
Ant 2
Route order: [ 0.  7. 11. 10.  8.  6. 14.  4. 13. 12.  1.  9.  5.  3.  2.]  --  Cost: 92467.02415905811
Ant 3
Route order: [ 0. 14.  4.  1. 13. 12.  7. 11. 10.  8.  6.  9.  5.  3.  2.]  --  Cost: 87667.4595659567
Ant 4
Route order: [ 0. 12. 13. 14.  4.  1.  9. 11. 10.  8.  6.  7.  5.  3.  2.]  --  Cost: 86955.09778123413
Ant 5
Route order: [ 0. 14.  4.  1.  9.  6.  8. 10. 11.  5.  3. 12. 13.  7.  2.]  --  Cost: 90225.6673588425
Ant 6
Route order: [ 0. 12. 13. 14.  4.  7. 11. 10.  8.  6.  9.  1.  3.  2.  5.]  --  Cost: 89359.65960332261
Ant 7
Route order: [ 0. 14.  4. 13.  7. 11. 10.  8.  6.  9.  1. 12.  3.  5.  2.]  --  Cost: 88769.1624809785
Ant 8
Route order: [ 0. 14.  4.  1.  9. 12. 13.  7. 11. 10.  8.  6.  3.  5.  2.]  --  Cost: 97461.90630438155
Ant 9
Route order: [ 0. 14.  4.  1.  9. 11. 10.  8.  6. 13. 12.  7.  5.  3.  2.]  --  Cost: 88845.50355016944
Ant 10
Route order: [ 0. 14.  4. 13. 12.  7. 11. 10.  8.  6.  9.  1.  2.  5.  3.]  --  Cost: 89833.87421616631
Ant 11
Route order: [ 0. 14.  4.  1. 13. 12.  3.  5.  2.  7. 11. 10.  8.  6.  9.]  --  Cost: 88775.24994816726
Ant 12
Route order: [ 0. 14.  4.  1.  9.  7. 11. 10.  8.  6. 13. 12.  3.  5.  2.]  --  Cost: 90488.18993238907
Ant 13
Route order: [ 0. 14.  4. 13. 12.  3.  2.  5.  7. 11. 10.  8.  6.  9.  1.]  --  Cost: 84893.07320941913
Ant 14
Route order: [ 0. 14.  4.  1.  9. 11. 10.  8.  6.  7.  5.  3.  2. 12. 13.]  --  Cost: 86259.9217428691
Ant 15
Route order: [ 0. 14.  4.  1.  9. 11. 10.  8.  6.  7. 13. 12.  3.  5.  2.]  --  Cost: 91541.1267871823
Ant 16
Route order: [ 0. 14.  4.  1.  9. 11. 10.  8.  6.  7.  5.  3.  2. 12. 13.]  --  Cost: 86259.9217428691
Ant 17
Route order: [ 0. 14.  4.  1.  9.  7. 11. 10.  8.  6. 13. 12.  5.  3.  2.]  --  Cost: 89393.4549229221
Ant 18
Route order: [ 0. 14.  4.  1.  9. 11. 10.  8.  6.  7.  5.  3.  2. 12. 13.]  --  Cost: 86259.9217428691
Ant 19
Route order: [ 0. 14.  4.  1.  7. 11. 10.  8.  6.  9. 13. 12.  3.  5.  2.]  --  Cost: 89106.11581879188
Ant 20
Route order: [ 0. 14.  4.  7. 13. 12.  3.  2.  5. 11. 10.  8.  6.  9.  1.]  --  Cost: 86984.08277546134
Ant 21
Route order: [ 0. 14.  4.  1.  9. 12. 13.  7. 11. 10.  8.  6.  3.  5.  2.]  --  Cost: 97461.90630438155
Ant 22
Route order: [ 0.  7. 11. 10.  8.  6.  9.  1.  4. 13. 12.  3.  5.  2. 14.]  --  Cost: 86514.85738278904
Ant 23
Route order: [ 0. 14.  4.  1.  9.  7. 11. 10.  8.  6. 13. 12.  3.  5.  2.]  --  Cost: 90488.18993238907
Ant 24
Route order: [ 0. 14.  4.  1.  9. 11. 10.  8.  6.  7. 13. 12.  3.  5.  2.]  --  Cost: 91541.1267871823
Ant 25
Route order: [ 0. 14.  4.  1.  9.  7. 11. 10.  8.  6. 12. 13.  3.  5.  2.]  --  Cost: 95417.77072557725
Ant 26
Route order: [ 0. 14.  4.  1.  9. 11. 10.  8.  6.  7.  5.  3.  2. 12. 13.]  --  Cost: 86259.9217428691
Ant 27
Route order: [ 0. 14.  4.  1.  9. 11. 10.  8.  6. 13. 12.  7.  5.  3.  2.]  --  Cost: 88845.50355016944
Ant 28
Route order: [ 0. 14.  4.  1.  9.  7. 11. 10.  8.  6. 13. 12.  3.  5.  2.]  --  Cost: 90488.18993238907
Ant 29
Route order: [ 0. 14.  4.  1.  9.  7. 11. 10.  8.  6. 13. 12.  3.  5.  2.]  --  Cost: 90488.18993238907
Ant 30
Route order: [ 0. 14.  4.  1.  9. 11. 10.  8.  6.  7. 13. 12.  3.  5.  2.]  --  Cost: 91541.1267871823
Ant 31
Route order: [ 0. 14.  4.  1.  9. 11. 10.  8.  6.  7. 13. 12.  3.  5.  2.]  --  Cost: 91541.1267871823
Ant 32
Route order: [ 0. 14.  4.  1.  9. 11. 10.  8.  6. 13. 12.  7.  5.  3.  2.]  --  Cost: 88845.50355016944
Ant 33
Route order: [ 0. 14.  4.  1.  9. 11. 10.  8.  6.  7. 13. 12.  2.  3.  5.]  --  Cost: 88557.29197016163
Ant 34
Route order: [ 0. 14.  4.  1.  9. 11. 10.  8.  6.  7.  5.  3.  2. 12. 13.]  --  Cost: 86259.9217428691
Ant 35
Route order: [ 0. 14.  4.  1.  9.  7. 12. 13.  2.  3.  5. 11. 10.  8.  6.]  --  Cost: 89647.02219511456
Ant 36
Route order: [ 0. 14.  4.  1.  9.  7. 11. 10.  8.  6. 13. 12.  3.  5.  2.]  --  Cost: 90488.18993238907
Ant 37
Route order: [ 0. 14.  4.  1.  9. 11. 10.  8.  6. 13. 12.  3.  5.  2.  7.]  --  Cost: 90724.4668586322
Ant 38
Route order: [ 0. 14.  4.  1.  9. 11. 10.  8.  6. 13. 12.  3.  5.  2.  7.]  --  Cost: 90724.4668586322
Ant 39
Route order: [ 0. 14.  4.  1.  9. 11. 10.  8.  6.  7.  5.  3.  2. 12. 13.]  --  Cost: 86259.9217428691
Ant 40
Route order: [ 0. 14.  4.  1.  9.  7. 11. 10.  8.  6. 13. 12.  3.  5.  2.]  --  Cost: 90488.18993238907
Ant 41
Route order: [ 0. 14.  4.  1.  9. 11. 10.  8.  6.  7.  5.  3.  2. 12. 13.]  --  Cost: 86259.9217428691
Ant 42
Route order: [ 0. 14.  4.  1.  9. 11. 10.  8.  6.  7.  5.  3. 12. 13.  2.]  --  Cost: 94329.34933130504
Ant 43
Route order: [ 0. 14.  4.  1.  9. 11. 10.  8.  6.  7. 13. 12.  3.  5.  2.]  --  Cost: 91541.1267871823
Ant 44
Route order: [ 0. 14.  4.  1.  9. 11. 10.  8.  6.  7.  5.  3.  2. 12. 13.]  --  Cost: 86259.9217428691
Ant 45
Route order: [ 0. 14.  4.  1.  9. 12. 13.  7. 11. 10.  8.  6.  2.  5.  3.]  --  Cost: 97950.95402681644
Ant 46
Route order: [ 0. 14.  4.  1.  9. 11. 10.  8.  6.  7. 13. 12.  3.  5.  2.]  --  Cost: 91541.1267871823
Ant 47
Route order: [ 0. 14.  4.  1.  9. 11. 10.  8.  6.  7.  5.  3.  2. 12. 13.]  --  Cost: 86259.9217428691
Ant 48
Route order: [ 0. 14.  4.  1.  9.  7. 11. 10.  8.  6. 13. 12.  3.  5.  2.]  --  Cost: 90488.18993238907
Ant 49
Route order: [ 0. 14.  4.  1.  9. 11. 10.  8.  6.  7.  5.  3.  2. 12. 13.]  --  Cost: 86259.9217428691
