BETA = 3 #BETA is a parameter which weighs the relative importance of pheromone trail and of closeness
K= 50 #K is the number of ants
Q0= 0.9 #Q0 is a constant for defining the probability to take the best road or explore new one according to probability distribution
MAX_CITYS= 30 #Limit problem size to a maximun number of cities 
ALPHA= 0.1
N_MAX_CASES= 5 #When N_MAX_CASES ants converge into the same cost it is considered as a final optimal solution
ITERATIONS = 40
Ant 0
Route order: [ 0. 13. 15. 17.  4. 27. 21.  1. 16. 22. 23.  7. 14.  9. 10. 19.  6. 25.
 20. 11. 28.  8. 29. 18. 26. 24.  5.  3. 12.  2.]  --  Cost: 105725.86586457206
Ant 1
Route order: [ 0. 17. 15.  4. 27. 21.  1. 16. 22. 23.  7. 12. 24. 26. 18.  5.  3. 13.
 14.  9. 10. 19.  6. 25. 20. 11. 28.  8. 29.  2.]  --  Cost: 106550.23880610519
Ant 2
Route order: [ 0. 13. 14. 15. 17.  4. 27. 21.  1. 16. 22. 23.  7. 12. 20. 11. 28.  8.
 29. 18. 26. 24.  5.  3.  9. 10. 19.  6. 25.  2.]  --  Cost: 107803.35483363751
Ant 3
Route order: [ 0. 13. 14. 15. 17.  4. 27. 21.  1. 16. 22. 23.  7. 12.  9. 10. 19.  6.
 25. 20. 11. 28.  8. 29. 18. 26. 24.  5.  3.  2.]  --  Cost: 91816.26683075781
Ant 4
Route order: [ 0. 13. 14. 15. 17.  4. 27. 21.  1. 16. 22. 23.  7. 12. 29. 18. 26. 24.
  5.  3. 11. 28.  8. 20. 19.  6. 25.  9. 10.  2.]  --  Cost: 108084.7448377125
Ant 5
Route order: [ 0. 13. 14. 15. 17.  4. 27. 21.  1. 16. 22. 23.  7. 12. 29. 26. 24.  5.
  3. 18. 20. 11. 28.  8. 19.  6. 25.  9. 10.  2.]  --  Cost: 108691.63116387752
Ant 6
Route order: [ 0. 13. 14. 15. 17.  4. 27. 21.  1. 16. 22. 23.  7. 12. 29. 18. 26. 24.
  5.  3.  9. 10. 19.  6. 25. 20. 11. 28.  8.  2.]  --  Cost: 109869.27597202559
Ant 7
Route order: [ 0. 13. 14. 15. 17.  4. 27. 21.  1. 16. 22. 23.  7. 12. 29. 18. 26. 24.
  5.  3.  9. 10. 19.  6. 25. 20. 11. 28.  8.  2.]  --  Cost: 109869.27597202559
Ant 8
Route order: [ 0. 13. 14. 15. 17.  4. 27. 21.  1. 16. 22. 23.  7. 12. 29. 18. 26. 24.
  5.  3.  9. 10. 19.  6. 25. 20. 11. 28.  8.  2.]  --  Cost: 109869.27597202559
Ant 9
Route order: [ 0. 13. 14. 15. 17.  4. 27. 21.  1. 16. 22. 23.  7. 12. 29. 18. 26. 24.
  5.  3.  9. 10. 19.  6. 25. 11. 28.  8. 20.  2.]  --  Cost: 109812.05164463926
Ant 10
Route order: [ 0. 13. 14. 15. 17.  4. 27. 21.  1. 16. 22. 23.  7. 12. 29. 26. 24.  5.
  3. 18. 20. 11. 28.  8. 19.  6. 25.  9. 10.  2.]  --  Cost: 108691.63116387752
Ant 11
Route order: [ 0. 13. 14. 15. 17.  4. 27. 21.  1. 16. 22. 23.  7. 12.  5.  3.  9. 10.
 19.  6. 25. 20. 11. 28.  8. 29. 18. 26. 24.  2.]  --  Cost: 105099.33452228666
Ant 12
Route order: [ 0. 13. 14. 15. 17.  4. 27. 21.  1. 16. 22. 23.  7. 12. 26. 24.  5.  3.
  9. 10. 19.  6. 25. 20. 11. 28.  8. 29. 18.  2.]  --  Cost: 106350.44492706671
Ant 13
Route order: [ 0. 13. 14. 15. 17.  4. 27. 21.  1. 16. 22. 23.  7. 12. 28.  8. 11. 20.
 29. 18. 26. 24.  5.  3.  9. 10. 19.  6. 25.  2.]  --  Cost: 108738.83885085658
Ant 14
Route order: [ 0. 13. 14. 15. 17.  4. 27. 21.  1. 16. 22. 23.  7. 12. 29. 18. 26. 24.
  5.  3.  9. 10. 19.  6. 25. 20. 11. 28.  8.  2.]  --  Cost: 109869.27597202559
Ant 15
Route order: [ 0. 13. 14. 15. 17.  4. 27. 21.  1. 16. 22. 23.  7. 12. 29. 18. 26. 24.
  5.  3.  9. 10. 19.  6. 25. 20. 11. 28.  8.  2.]  --  Cost: 109869.27597202559
Ant 16
Route order: [ 0. 13. 14. 15. 17.  4. 27. 21.  1. 16. 22. 23.  7. 12. 29. 18. 26. 24.
  5.  3.  9. 10. 19.  6. 25. 20. 11. 28.  8.  2.]  --  Cost: 109869.27597202559
Ant 17
Route order: [ 0. 13. 14. 15. 17.  4. 27. 21.  1. 16. 22. 23.  7. 12. 29. 18. 26. 24.
  5.  3.  9. 10. 19.  6. 25. 20. 11. 28.  8.  2.]  --  Cost: 109869.27597202559
Ant 18
Route order: [ 0. 13. 14. 15. 17.  4. 27. 21.  1. 16. 22. 23.  7. 12. 29. 18. 26. 24.
  5.  3.  9. 10. 19.  6. 25. 20. 11. 28.  8.  2.]  --  Cost: 109869.27597202559
