Ant 0
Route order: [ 0. 12. 13. 14.  4.  1.  9. 11. 10.  8.  6.  7.  5.  3.  2.]  --  Cost: 86955.09778123413
Ant 1
Route order: [ 0. 12. 13. 14.  4.  1.  9.  7. 11. 10.  8.  6.  2.  3.  5.]  --  Cost: 91288.9803969119
Ant 2
Route order: [ 0. 12. 13. 14.  4.  7. 11.  9.  1.  6.  8. 10.  5.  3.  2.]  --  Cost: 86944.78076784432
Ant 3
Route order: [ 0.  7. 11.  5.  3. 10.  8.  6.  9.  1.  4. 14. 13. 12.  2.]  --  Cost: 90260.07732049475
Ant 4
Route order: [ 0. 12. 13. 14.  4.  1.  9.  6.  8. 10. 11.  7.  5.  3.  2.]  --  Cost: 81608.7912233732
Ant 5
Route order: [ 0. 12. 13. 14.  4.  7. 11.  9.  1.  6.  8. 10.  5.  3.  2.]  --  Cost: 86944.78076784432
Ant 6
Route order: [ 0. 12. 13.  4. 14.  7. 11.  9.  1.  6.  8. 10.  5.  3.  2.]  --  Cost: 86336.87416862659
Ant 7
Route order: [ 0. 12. 13. 14.  4.  1.  9.  6.  8. 10. 11.  5.  3.  7.  2.]  --  Cost: 88704.86041504316
Ant 8
Route order: [ 0.  7. 11.  5.  3. 12. 13. 14.  4.  1.  9.  6.  8. 10.  2.]  --  Cost: 92911.45955517897
Ant 9
Route order: [ 0. 12. 13. 14.  4.  1.  9.  7. 11.  5.  3.  2. 10.  8.  6.]  --  Cost: 93318.15234877309
Ant 10
Route order: [ 0. 12. 13. 14.  4.  1.  9.  6.  8. 10. 11.  7.  5.  3.  2.]  --  Cost: 81608.7912233732
Ant 11
Route order: [ 0.  7. 11.  5.  3.  2. 10.  8.  6. 14.  4.  1.  9. 13. 12.]  --  Cost: 92573.96396534894
Ant 12
Route order: [ 0. 12. 13. 14.  4.  1.  9.  7. 11.  5.  3.  2. 10.  8.  6.]  --  Cost: 93318.15234877309
Ant 13
Route order: [ 0. 12. 13.  4. 14.  7. 11.  5.  3.  2. 10.  8.  6.  9.  1.]  --  Cost: 89423.27514977663
Ant 14
Route order: [ 0. 12. 13.  4. 14.  7. 11.  5.  3.  2. 10.  8.  6.  9.  1.]  --  Cost: 89423.27514977663
Ant 15
Route order: [ 0. 12. 13. 14.  4.  1.  9. 10.  8.  6. 11.  7.  5.  3.  2.]  --  Cost: 87829.41611174715
Ant 16
Route order: [ 0. 12. 13. 14.  4.  1.  9.  7. 11. 10.  8.  6.  5.  3.  2.]  --  Cost: 88882.69795334444
Ant 17
Route order: [ 0. 12. 13.  1.  9.  7. 11.  5.  3.  2. 10.  8.  6.  4. 14.]  --  Cost: 92490.17890916365
Ant 18
Route order: [ 0. 12. 13. 14.  4.  1.  9.  7. 11. 10.  8.  6.  5.  3.  2.]  --  Cost: 88882.69795334444
Ant 19
Route order: [ 0. 12. 13. 14.  4.  1.  9.  7. 11. 10.  8.  6.  5.  3.  2.]  --  Cost: 88882.69795334444
Ant 20
Route order: [ 0. 12. 13.  4. 14.  7. 11.  5.  3.  2. 10.  8.  6.  9.  1.]  --  Cost: 89423.27514977663
Ant 21
Route order: [ 0. 12. 13. 14.  4.  1.  9.  7. 11. 10.  8.  6.  5.  3.  2.]  --  Cost: 88882.69795334444
Ant 22
Route order: [ 0. 12. 13.  4. 14.  7. 11.  5.  3.  2. 10.  8.  6.  9.  1.]  --  Cost: 89423.27514977663
Ant 23
Route order: [ 0. 12. 13. 14.  4.  1. 11.  7.  9.  6.  8. 10.  5.  3.  2.]  --  Cost: 87834.73983626868
Ant 24
Route order: [ 0. 12. 13. 14.  4.  1.  9.  7. 11. 10.  8.  6.  5.  3.  2.]  --  Cost: 88882.69795334444
Ant 25
Route order: [ 0. 12. 13. 14.  4.  1.  9.  6.  8. 10. 11.  5.  3.  2.  7.]  --  Cost: 81356.74003776001
Ant 26
Route order: [ 0. 12.  7. 11. 10.  8.  6.  9.  1.  4. 14. 13.  2.  3.  5.]  --  Cost: 83654.42599624702
Ant 27
Route order: [ 0. 12. 13. 14.  4.  1.  9.  6.  8. 10. 11.  7.  5.  3.  2.]  --  Cost: 81608.7912233732
Ant 28
Route order: [ 0. 12. 13. 14.  4.  1.  9.  7. 11.  5.  3.  2. 10.  8.  6.]  --  Cost: 93318.15234877309
Ant 29
Route order: [ 0. 12. 13. 14.  4.  1.  9.  7. 11.  5.  3.  2. 10.  8.  6.]  --  Cost: 93318.15234877309
Ant 30
Route order: [ 0. 12.  7. 11.  5.  3.  2. 10.  8.  6.  9.  1.  4. 14. 13.]  --  Cost: 87483.20043448523
Ant 31
Route order: [ 0. 12. 13. 14.  4.  1.  9.  7. 10.  8.  6. 11.  5.  3.  2.]  --  Cost: 88968.16796445832
Ant 32
Route order: [ 0. 12.  7. 11.  5.  3.  2. 10.  8.  6.  9.  1.  4. 14. 13.]  --  Cost: 87483.20043448523
Ant 33
Route order: [ 0. 12. 13.  4. 14.  7. 11.  5.  3.  2. 10.  8.  6.  9.  1.]  --  Cost: 89423.27514977663
Ant 34
Route order: [ 0. 12. 13. 14.  4.  1.  9. 10.  8.  6. 11.  7.  5.  3.  2.]  --  Cost: 87829.41611174715
Ant 35
Route order: [ 0. 12. 13. 14.  4.  1.  9.  7. 11. 10.  8.  6.  5.  3.  2.]  --  Cost: 88882.69795334444
Ant 36
Route order: [ 0. 12. 13. 14.  4.  1.  9. 11.  5.  3.  2. 10.  8.  6.  7.]  --  Cost: 91586.5666757533
Ant 37
Route order: [ 0. 12. 13. 14.  4.  1.  9.  7. 11.  6.  8. 10.  5.  3.  2.]  --  Cost: 87095.94233220161
Ant 38
Route order: [ 0.  7. 11.  5.  3.  2. 10.  8.  6.  9.  1.  4. 14. 13. 12.]  --  Cost: 86240.26011789238
Ant 39
Route order: [ 0. 12. 13. 14.  4.  1.  9. 11.  5.  3.  2. 10.  8.  6.  7.]  --  Cost: 91586.5666757533
Ant 40
Route order: [ 0. 12. 13. 14.  4.  1.  9.  7. 11.  5.  3.  2. 10.  8.  6.]  --  Cost: 93318.15234877309
Ant 41
Route order: [ 0. 12.  7. 11.  5.  3.  2. 10.  8.  6.  9.  1.  4. 14. 13.]  --  Cost: 87483.20043448523
Ant 42
Route order: [ 0. 12. 13. 14.  4.  1.  9.  7. 11.  5.  3.  2. 10.  8.  6.]  --  Cost: 93318.15234877309
Ant 43
Route order: [ 0. 12. 13. 14.  4.  1.  9.  7. 11.  5.  3.  2. 10.  8.  6.]  --  Cost: 93318.15234877309
Ant 44
Route order: [ 0. 12. 13. 14.  4.  1.  9.  7. 11.  5.  3.  2. 10.  8.  6.]  --  Cost: 93318.15234877309
Ant 45
Route order: [ 0. 12. 13. 14.  4.  1.  9.  7. 11.  5.  3.  2. 10.  8.  6.]  --  Cost: 93318.15234877309
Ant 0
Route order: [ 0. 12. 13. 14.  4.  1.  9.  7. 11. 10.  8.  6.  5.  3.  2.]  --  Cost: 88882.69795334444
Ant 1
Route order: [ 0. 12. 13. 14.  4.  1. 11.  7.  9.  6.  8. 10.  5.  3.  2.]  --  Cost: 87834.73983626868
Ant 2
Route order: [ 0.  7. 11.  5.  3. 12. 13. 14.  4.  1.  9.  6.  8. 10.  2.]  --  Cost: 92911.45955517897
Ant 3
Route order: [ 0. 12. 13. 14.  4.  1.  9.  7. 11.  8. 10.  5.  3.  2.  6.]  --  Cost: 97478.34218918832
Ant 4
Route order: [ 0. 12. 13. 14.  4.  1.  7. 11.  9.  6.  8. 10.  5.  3.  2.]  --  Cost: 86472.20859727814
Ant 5
Route order: [ 0. 12. 13. 14.  4.  1.  9.  6. 10.  8. 11.  7.  3.  5.  2.]  --  Cost: 86578.80712526612
Ant 6
Route order: [ 0. 12. 13. 14.  4.  1.  9.  7. 11.  5.  3.  2. 10.  8.  6.]  --  Cost: 93318.15234877309
Ant 7
Route order: [ 0. 12.  7. 11.  5.  3.  2. 10.  8.  6.  9.  1.  4. 14. 13.]  --  Cost: 87483.20043448523
Ant 8
Route order: [ 0. 12. 13. 14.  4.  1.  9.  7. 11.  6.  8. 10.  5.  3.  2.]  --  Cost: 87095.94233220161
Ant 9
Route order: [ 0. 12. 13. 14.  4.  1.  7. 11.  9.  6.  8. 10.  5.  3.  2.]  --  Cost: 86472.20859727814
Ant 10
Route order: [ 0. 12. 13. 14.  4.  1.  9.  7. 11.  5.  3.  2. 10.  8.  6.]  --  Cost: 93318.15234877309
Ant 11
Route order: [ 0. 12.  7. 11.  5.  3.  2. 10.  8.  6.  9.  1.  4. 14. 13.]  --  Cost: 87483.20043448523
Ant 12
Route order: [ 0. 12. 13. 14.  4.  1.  9.  7. 11.  6.  8. 10.  5.  3.  2.]  --  Cost: 87095.94233220161
Ant 13
Route order: [ 0. 12. 13. 14.  4.  1.  9.  7. 11.  5.  3.  2. 10.  8.  6.]  --  Cost: 93318.15234877309
Ant 14
Route order: [ 0. 12.  7. 11.  5.  3.  2. 10.  8.  6.  9.  1.  4. 14. 13.]  --  Cost: 87483.20043448523
Ant 15
Route order: [ 0. 12.  7. 11.  5.  3.  2. 10.  8.  6.  9.  1.  4. 14. 13.]  --  Cost: 87483.20043448523
Ant 16
Route order: [ 0.  7. 11.  5.  3. 12. 13. 14.  4.  1.  9.  6.  8. 10.  2.]  --  Cost: 92911.45955517897
Ant 17
Route order: [ 0. 12. 13. 14.  4.  1.  9.  7. 11.  5.  3.  2. 10.  8.  6.]  --  Cost: 93318.15234877309
Ant 18
Route order: [ 0. 12. 13. 14.  4.  1.  9.  6.  8. 10. 11.  7.  3.  5.  2.]  --  Cost: 84674.01328552203
Ant 19
Route order: [ 0. 12. 13.  4.  1.  9.  7. 11.  5.  3.  2. 10.  8.  6. 14.]  --  Cost: 92804.80925175601
Ant 20
Route order: [ 0. 12. 13. 14.  4.  7. 11.  5.  3.  2. 10.  8.  6.  9.  1.]  --  Cost: 90031.18174899436
Ant 21
Route order: [ 0.  7. 11.  5.  3. 12. 13. 14.  4.  1.  9.  6.  8. 10.  2.]  --  Cost: 92911.45955517897
Ant 22
Route order: [ 0. 12. 13. 14.  4.  1.  9.  7. 11.  5.  3.  2. 10.  8.  6.]  --  Cost: 93318.15234877309
Ant 23
Route order: [ 0. 12. 13. 14.  4.  1.  9.  7. 11.  5.  3.  2. 10.  8.  6.]  --  Cost: 93318.15234877309
Ant 24
Route order: [ 0. 12. 13. 14.  4.  1.  9.  7. 11.  5.  3.  2. 10.  8.  6.]  --  Cost: 93318.15234877309
Ant 25
Route order: [ 0. 12. 13. 14.  4.  1.  9.  7. 11. 10.  8.  6.  5.  3.  2.]  --  Cost: 88882.69795334444
Ant 26
Route order: [ 0. 12. 13. 14.  4.  1.  9.  7. 11.  5.  3.  2. 10.  8.  6.]  --  Cost: 93318.15234877309
Ant 27
Route order: [ 0. 12. 13. 14.  4.  1.  9.  7. 11.  5.  3.  2. 10.  8.  6.]  --  Cost: 93318.15234877309
Ant 28
Route order: [ 0. 12. 13. 14.  4.  7. 11.  5.  3.  2. 10.  8.  6.  9.  1.]  --  Cost: 90031.18174899436
Ant 29
Route order: [ 0. 12. 13. 14.  4.  1.  9.  6.  8. 10. 11.  5.  3.  7.  2.]  --  Cost: 88704.86041504316
Ant 30
Route order: [ 0. 12. 13. 14.  4.  1.  9.  7. 11. 10.  8.  6.  5.  3.  2.]  --  Cost: 88882.69795334444
Ant 31
Route order: [ 0.  7. 11.  5.  3.  2. 10.  8.  6.  9.  1.  4. 14. 13. 12.]  --  Cost: 86240.26011789238
Ant 32
Route order: [ 0.  7. 11.  5.  3.  2. 10.  8.  6.  9.  1. 14.  4. 13. 12.]  --  Cost: 86978.85368750688
Ant 33
Route order: [ 0. 12. 13. 14.  4.  1.  9.  7. 11.  5.  3.  2. 10.  8.  6.]  --  Cost: 93318.15234877309
Ant 34
Route order: [ 0. 12. 13. 14.  4.  1.  9.  7. 11. 10.  8.  6.  5.  3.  2.]  --  Cost: 88882.69795334444
Ant 35
Route order: [ 0. 12. 13. 14.  4.  1.  9.  6.  8. 10. 11.  5.  3.  2.  7.]  --  Cost: 81356.74003776001
Ant 36
Route order: [ 0. 12. 13. 14.  4.  1.  9.  7. 11.  5.  3.  2. 10.  8.  6.]  --  Cost: 93318.15234877309
Ant 37
Route order: [ 0. 12. 13. 14.  4.  1.  9.  7. 11.  5.  3.  2. 10.  8.  6.]  --  Cost: 93318.15234877309
Ant 38
Route order: [ 0. 12. 13. 14.  4.  1.  9.  6.  8. 10. 11.  5.  3.  2.  7.]  --  Cost: 81356.74003776001
Ant 39
Route order: [ 0. 12. 13. 14.  4.  1.  9.  7. 11.  5.  3.  2. 10.  8.  6.]  --  Cost: 93318.15234877309
Ant 40
Route order: [ 0. 12. 13. 14.  4.  1.  9.  7. 11.  5.  3.  2. 10.  8.  6.]  --  Cost: 93318.15234877309
Ant 41
Route order: [ 0. 12. 13. 14.  4.  1.  9.  7. 11. 10.  8.  6.  5.  3.  2.]  --  Cost: 88882.69795334444
Ant 42
Route order: [ 0.  7. 11.  5.  3. 12. 13. 14.  4.  1.  9.  6.  8. 10.  2.]  --  Cost: 92911.45955517897
Ant 43
Route order: [ 0. 12. 13. 14.  4.  1.  9.  6.  8. 10. 11.  5.  3.  7.  2.]  --  Cost: 88704.86041504316
Ant 44
Route order: [ 0. 12. 13. 14.  4.  1.  7. 11.  5.  3.  2. 10.  8.  6.  9.]  --  Cost: 91325.35726554906
Ant 45
Route order: [ 0. 12. 13. 14.  4.  1.  9.  7. 11.  5.  3.  2. 10.  8.  6.]  --  Cost: 93318.15234877309
Ant 46
Route order: [ 0. 12. 13. 14.  4.  1.  9.  7. 11.  5.  3.  2. 10.  8.  6.]  --  Cost: 93318.15234877309
Ant 47
Route order: [ 0. 12. 13. 14.  4.  1.  9.  7. 11.  5.  3.  2. 10.  8.  6.]  --  Cost: 93318.15234877309
Ant 48
Route order: [ 0.  7. 11.  5.  3.  2. 10.  8.  6.  9.  1.  4. 14. 13. 12.]  --  Cost: 86240.26011789238
Ant 49
Route order: [ 0.  7. 11.  5.  3. 12. 13. 14.  4.  1.  9.  6.  8. 10.  2.]  --  Cost: 92911.45955517897
Ant 0
Route order: [ 0. 12. 13. 14.  4.  1.  9.  7. 11. 10.  8.  6.  5.  3.  2.]  --  Cost: 88882.69795334444
Ant 1
Route order: [ 0. 12. 13. 14.  4.  1.  9.  6.  8. 10. 11.  7.  5.  3.  2.]  --  Cost: 81608.7912233732
Ant 2
Route order: [ 0. 12. 13. 14.  4.  1.  9.  6.  8. 10. 11.  7.  5.  3.  2.]  --  Cost: 81608.7912233732
Ant 3
Route order: [ 0. 12. 13. 14.  4.  1.  9.  6.  8. 10. 11.  7.  5.  3.  2.]  --  Cost: 81608.7912233732
Ant 4
Route order: [ 0. 12. 13. 14.  4.  1.  9.  7.  5.  3. 11. 10.  8.  6.  2.]  --  Cost: 98053.73833005037
Ant 5
Route order: [ 0. 12. 13. 14.  4.  1.  9.  7. 11. 10.  8.  6.  5.  3.  2.]  --  Cost: 88882.69795334444
Ant 6
Route order: [ 0. 12. 13. 14.  4.  1.  9.  7. 11. 10.  8.  6.  5.  3.  2.]  --  Cost: 88882.69795334444
Ant 7
Route order: [ 0. 12. 13. 14.  4.  1.  9.  7. 11. 10.  8.  6.  5.  3.  2.]  --  Cost: 88882.69795334444
Ant 8
Route order: [ 0. 12. 13. 14.  4.  1.  7. 11. 10.  8.  6.  9.  5.  3.  2.]  --  Cost: 87465.06129728211
Ant 9
Route order: [ 0.  7. 11. 10.  8.  6.  9.  1.  4. 14. 13. 12.  3.  5.  2.]  --  Cost: 83997.09234552548
Ant 10
Route order: [ 0. 12. 13. 14.  4.  1.  9.  7. 11. 10.  8.  6.  5.  3.  2.]  --  Cost: 88882.69795334444
Ant 11
Route order: [ 0. 12.  7. 11. 10.  8.  6.  9.  1.  4. 14. 13.  3.  5.  2.]  --  Cost: 87170.9256066308
Ant 12
Route order: [ 0. 12.  7. 11. 10.  8.  6.  9.  1. 13. 14.  4.  3.  5.  2.]  --  Cost: 88758.76044287803
Ant 13
Route order: [ 0. 12.  7. 11. 10.  8.  6.  9.  1.  4. 14. 13.  3.  5.  2.]  --  Cost: 87170.9256066308
Ant 14
Route order: [ 0. 12. 13. 14.  4.  1.  7. 11. 10.  8.  6.  9.  5.  3.  2.]  --  Cost: 87465.06129728211
Ant 15
Route order: [ 0. 12. 13. 14.  4.  1.  9.  7. 11. 10.  8.  6.  5.  3.  2.]  --  Cost: 88882.69795334444
Ant 16
Route order: [ 0. 12. 13. 14.  4.  1.  9.  7. 11. 10.  8.  6.  5.  3.  2.]  --  Cost: 88882.69795334444
Ant 17
Route order: [ 0. 12. 13. 14.  4.  1.  9.  7. 11. 10.  8.  6.  5.  3.  2.]  --  Cost: 88882.69795334444
Ant 18
Route order: [ 0.  7. 11. 10.  8.  6.  5.  3.  2. 12. 13. 14.  4.  1.  9.]  --  Cost: 88168.17585064376
Ant 19
Route order: [ 0. 12. 13. 14.  4.  1.  9.  7. 11. 10.  8.  6.  5.  3.  2.]  --  Cost: 88882.69795334444
Ant 20
Route order: [ 0. 12. 13. 14.  4.  1.  9.  7. 11. 10.  8.  6.  5.  3.  2.]  --  Cost: 88882.69795334444
Ant 21
Route order: [ 0. 12. 13. 14.  4.  1.  7. 11. 10.  8.  6.  9.  5.  3.  2.]  --  Cost: 87465.06129728211
Ant 22
Route order: [ 0. 12. 13. 14.  4.  1.  9.  7. 11. 10.  8.  6.  5.  3.  2.]  --  Cost: 88882.69795334444
Ant 23
Route order: [ 0. 12. 13. 14.  4.  1.  9.  7. 11. 10.  8.  6.  5.  3.  2.]  --  Cost: 88882.69795334444
Ant 24
Route order: [ 0. 12. 13. 14.  4.  1.  9.  7. 11. 10.  8.  6.  5.  3.  2.]  --  Cost: 88882.69795334444
Ant 25
Route order: [ 0.  7. 11. 10.  8.  6.  9.  1.  4. 14. 13. 12.  3.  5.  2.]  --  Cost: 83997.09234552548
Ant 26
Route order: [ 0. 12. 13. 14.  4.  1.  9.  7. 11. 10.  8.  6.  5.  3.  2.]  --  Cost: 88882.69795334444
Ant 27
Route order: [ 0. 12.  7. 11. 10.  8.  6.  9.  1.  4. 14. 13.  3.  5.  2.]  --  Cost: 87170.9256066308
Ant 28
Route order: [ 0. 14.  4.  1.  9.  7. 11. 10.  8.  6.  5.  3.  2. 12. 13.]  --  Cost: 88187.52191497938
Ant 29
Route order: [ 0. 12. 13. 14.  4.  1.  9.  7. 11. 10.  8.  6.  5.  3.  2.]  --  Cost: 88882.69795334444
Ant 30
Route order: [ 0. 12. 13. 14.  4.  1.  9.  7. 11. 10.  8.  6.  5.  3.  2.]  --  Cost: 88882.69795334444
Ant 31
Route order: [ 0. 12. 13. 14.  4.  1.  9.  7. 11. 10.  8.  6.  5.  3.  2.]  --  Cost: 88882.69795334444
Ant 32
Route order: [ 0. 12. 13. 14.  4.  1. 11. 10.  8.  6.  9.  7.  5.  3.  2.]  --  Cost: 86375.49986176714
Ant 33
Route order: [ 0. 12. 13. 14.  4.  1.  9.  7. 11. 10.  8.  6.  5.  3.  2.]  --  Cost: 88882.69795334444
Ant 34
Route order: [ 0. 12. 13. 14.  4.  1.  9.  7. 11. 10.  8.  6.  5.  3.  2.]  --  Cost: 88882.69795334444
Ant 35
Route order: [ 0. 12. 13. 14.  4.  1.  9.  7. 11. 10.  8.  6.  5.  3.  2.]  --  Cost: 88882.69795334444
Ant 36
Route order: [ 0.  7. 11. 10.  8.  6.  9.  1.  4. 14. 13. 12.  3.  5.  2.]  --  Cost: 83997.09234552548
Ant 37
Route order: [ 0. 12. 13. 14.  4.  1.  9.  7. 11. 10.  8.  6.  5.  3.  2.]  --  Cost: 88882.69795334444
Ant 38
Route order: [ 0. 12.  7. 11. 10.  8.  6.  9.  1.  4. 14. 13.  3.  5.  2.]  --  Cost: 87170.9256066308
Ant 39
Route order: [ 0. 12. 13. 14.  4.  1.  9.  7. 11. 10.  8.  6.  5.  3.  2.]  --  Cost: 88882.69795334444
Ant 40
Route order: [ 0. 12. 13. 14.  4.  1.  9.  7. 11. 10.  8.  6.  5.  3.  2.]  --  Cost: 88882.69795334444
Ant 41
Route order: [ 0. 12. 13. 14.  4.  1.  9.  7. 11. 10.  8.  6.  5.  3.  2.]  --  Cost: 88882.69795334444
Ant 42
Route order: [ 0.  7. 11. 10.  8.  6.  9.  1.  4. 14. 13. 12.  3.  5.  2.]  --  Cost: 83997.09234552548
Ant 43
Route order: [ 0.  7. 11. 10.  8.  6.  9.  1.  4. 14. 13. 12.  3.  5.  2.]  --  Cost: 83997.09234552548
Ant 44
Route order: [ 0. 12. 13. 14.  4.  1.  9.  7. 11. 10.  8.  6.  5.  3.  2.]  --  Cost: 88882.69795334444
Ant 45
Route order: [ 0. 12. 13. 14.  4.  1.  7. 11. 10.  8.  6.  9.  5.  3.  2.]  --  Cost: 87465.06129728211
Ant 46
Route order: [ 0. 12. 13. 14.  4.  1.  9.  7. 11. 10.  8.  6.  5.  3.  2.]  --  Cost: 88882.69795334444
Ant 47
Route order: [ 0. 13. 14.  4.  1.  9.  7. 11. 10.  8.  6.  5.  3.  2. 12.]  --  Cost: 86984.58167905067
Ant 48
Route order: [ 0. 12. 13. 14.  4.  1.  9.  7. 11. 10.  8.  6.  5.  3.  2.]  --  Cost: 88882.69795334444
Ant 49
Route order: [ 0. 12.  3.  5.  7. 11. 10.  8.  6.  9.  1.  4. 14. 13.  2.]  --  Cost: 87780.1025375154
Ant 0
Route order: [ 0. 12. 13. 14.  4.  1.  9.  7. 11.  6.  8. 10.  5.  3.  2.]  --  Cost: 87095.94233220161
Ant 1
Route order: [ 0. 12. 13. 14.  4.  1.  7. 11.  5.  3. 10.  8.  6.  9.  2.]  --  Cost: 98618.16877388285
Ant 2
Route order: [ 0. 12.  7. 11.  5.  3. 10.  8.  6.  9.  1.  4. 14. 13.  2.]  --  Cost: 92901.24578823693
Ant 3
Route order: [ 0. 14.  4.  1.  9.  7. 11. 10.  8.  6. 13. 12.  3.  5.  2.]  --  Cost: 90488.18993238907
Ant 4
Route order: [ 0. 12. 13. 14.  4.  1.  9.  7.  3.  5. 11. 10.  8.  6.  2.]  --  Cost: 96348.86450625316
Ant 5
Route order: [ 0. 12. 13. 14.  4.  1.  9.  7. 11. 10.  8.  6.  5.  3.  2.]  --  Cost: 88882.69795334444
Ant 6
Route order: [ 0. 12. 13. 14.  4.  1.  9.  7.  6.  8. 10. 11.  5.  3.  2.]  --  Cost: 86466.76966937786
Ant 7
Route order: [ 0. 12. 13.  4. 14.  7. 11.  5.  3. 10.  8.  6.  9.  1.  2.]  --  Cost: 96108.38301267734
Ant 8
Route order: [ 0. 12. 13. 14.  4.  1.  9.  7. 11. 10.  8.  6.  5.  3.  2.]  --  Cost: 88882.69795334444
Ant 9
Route order: [ 0. 12. 13. 14.  4.  1.  9.  7. 11.  5.  3.  2. 10.  8.  6.]  --  Cost: 93318.15234877309
Ant 10
Route order: [ 0. 14.  4.  1.  9.  7. 11. 10.  8.  6. 13. 12.  3.  5.  2.]  --  Cost: 90488.18993238907
Ant 11
Route order: [ 0. 12.  7. 11.  5.  3. 10.  8.  6.  9.  1.  4. 14. 13.  2.]  --  Cost: 92901.24578823693
Ant 12
Route order: [ 0. 12. 13. 14.  4.  1.  9.  7. 11. 10.  8.  6.  5.  3.  2.]  --  Cost: 88882.69795334444
Ant 13
Route order: [ 0. 12. 13. 14.  4.  1.  9.  7.  6.  8. 10. 11.  5.  3.  2.]  --  Cost: 86466.76966937786
Ant 14
Route order: [ 0. 12. 13.  1.  4. 14.  7. 11.  5.  3.  9.  6.  8. 10.  2.]  --  Cost: 99007.91386905249
Ant 15
Route order: [ 0. 12. 13. 14.  4.  1.  9.  7. 11.  5.  3.  2. 10.  8.  6.]  --  Cost: 93318.15234877309
Ant 16
Route order: [ 0. 12. 13. 14.  4.  1.  9.  7. 11.  6.  8. 10.  5.  3.  2.]  --  Cost: 87095.94233220161
Ant 17
Route order: [ 0.  7. 11.  5.  3.  2. 10.  8.  6.  9.  1.  4. 14. 13. 12.]  --  Cost: 86240.26011789238
Ant 18
Route order: [ 0. 12. 13. 14.  4.  1.  9.  7. 11.  5.  3.  2. 10.  8.  6.]  --  Cost: 93318.15234877309
Ant 19
Route order: [ 0. 12. 13.  4. 14.  7. 11.  5.  3.  2. 10.  8.  6.  9.  1.]  --  Cost: 89423.27514977663
Ant 20
Route order: [ 0. 12. 13. 14.  4.  1.  9.  7. 11. 10.  8.  6.  5.  3.  2.]  --  Cost: 88882.69795334444
Ant 21
Route order: [ 0. 12. 13. 14.  4.  1.  9.  7. 11. 10.  8.  6.  5.  3.  2.]  --  Cost: 88882.69795334444
Ant 22
Route order: [ 0. 12. 13. 14.  4.  1.  9.  7. 11. 10.  8.  6.  5.  3.  2.]  --  Cost: 88882.69795334444
Ant 23
Route order: [ 0. 12. 13. 14.  4.  1.  9.  6.  8. 10. 11.  7.  3.  5.  2.]  --  Cost: 84674.01328552203
Ant 24
Route order: [ 0. 12. 13. 14.  4.  1.  9.  7. 10.  8.  6. 11.  5.  3.  2.]  --  Cost: 88968.16796445832
Ant 25
Route order: [ 0. 12. 13. 14.  4.  1.  9.  7. 11. 10.  8.  6.  5.  3.  2.]  --  Cost: 88882.69795334444
Ant 26
Route order: [ 0. 12. 13. 14.  4.  1.  9.  7. 11.  5.  3.  2. 10.  8.  6.]  --  Cost: 93318.15234877309
Ant 27
Route order: [ 0. 14.  4.  1.  9.  7. 11.  5.  3.  2. 10.  8.  6. 13. 12.]  --  Cost: 92731.35770475597
Ant 28
Route order: [ 0. 12. 13. 14.  4.  1.  9.  7. 11.  5.  3.  2. 10.  8.  6.]  --  Cost: 93318.15234877309
Ant 29
Route order: [ 0. 12.  7. 11.  5.  3.  2. 10.  8.  6.  9.  1.  4. 14. 13.]  --  Cost: 87483.20043448523
Ant 30
Route order: [ 0. 12. 13. 14.  4.  1.  9.  7. 11. 10.  8.  6.  5.  3.  2.]  --  Cost: 88882.69795334444
Ant 31
Route order: [ 0. 12. 13. 14.  4.  1.  9.  7. 11.  5.  3.  2. 10.  8.  6.]  --  Cost: 93318.15234877309
Ant 32
Route order: [ 0. 12. 13.  4. 14.  7. 11.  5.  3.  2. 10.  8.  6.  9.  1.]  --  Cost: 89423.27514977663
Ant 33
Route order: [ 0. 12. 13. 14.  4.  1.  9.  7. 11. 10.  8.  6.  5.  3.  2.]  --  Cost: 88882.69795334444
Ant 34
Route order: [ 0. 12. 13. 14.  4.  1.  9.  7. 11.  5.  3.  2. 10.  8.  6.]  --  Cost: 93318.15234877309
Ant 35
Route order: [ 0. 12. 13. 14.  4.  1.  9.  7. 11. 10.  8.  6.  5.  3.  2.]  --  Cost: 88882.69795334444
Ant 36
Route order: [ 0. 12. 13. 14.  4.  1.  9.  7. 11.  5.  3.  2. 10.  8.  6.]  --  Cost: 93318.15234877309
Ant 37
Route order: [ 0. 12. 13. 14.  4.  1.  9.  7. 11. 10.  8.  6.  5.  3.  2.]  --  Cost: 88882.69795334444
Ant 38
Route order: [ 0. 12. 13. 14.  4.  1.  9.  6.  8. 10. 11.  5.  3.  2.  7.]  --  Cost: 81356.74003776001
Ant 39
Route order: [ 0. 12. 13.  7. 11.  5.  3.  2. 10.  8.  6.  9.  1.  4. 14.]  --  Cost: 88437.98800168825
Ant 40
Route order: [ 0. 12. 13. 14.  4.  1.  7. 11.  5.  3.  2. 10.  8.  6.  9.]  --  Cost: 91325.35726554906
Ant 41
Route order: [ 0. 12. 13. 14.  4.  1.  9.  7. 11. 10.  8.  6.  5.  3.  2.]  --  Cost: 88882.69795334444
Ant 42
Route order: [ 0. 12. 13. 14.  4.  1.  9.  7. 11.  5.  3.  2. 10.  8.  6.]  --  Cost: 93318.15234877309
Ant 43
Route order: [ 0. 12. 13.  4. 14.  7. 11.  5.  3.  2. 10.  8.  6.  9.  1.]  --  Cost: 89423.27514977663
Ant 44
Route order: [ 0. 12. 13. 14.  4.  1.  9.  7. 11. 10.  8.  6.  5.  3.  2.]  --  Cost: 88882.69795334444
Ant 45
Route order: [ 0. 12. 13. 14.  4.  1.  9.  7. 11. 10.  8.  6.  5.  3.  2.]  --  Cost: 88882.69795334444
Ant 46
Route order: [ 0. 12. 13. 14.  4.  1.  9. 11.  5.  3.  2. 10.  8.  6.  7.]  --  Cost: 91586.5666757533
Ant 47
Route order: [ 0. 12. 13. 14.  4.  1.  9. 11.  5.  3.  2. 10.  8.  6.  7.]  --  Cost: 91586.5666757533
Ant 48
Route order: [ 0. 12. 13.  4. 14.  7. 11.  5.  3.  2. 10.  8.  6.  9.  1.]  --  Cost: 89423.27514977663
Ant 49
Route order: [ 0. 12. 13. 14.  4.  1.  9.  7. 11. 10.  8.  6.  5.  3.  2.]  --  Cost: 88882.69795334444
Ant 0
Route order: [ 0. 12. 13. 14.  4.  1.  9. 10.  8.  6. 11.  5.  3.  7.  2.]  --  Cost: 94925.48530341714
Ant 1
Route order: [ 0. 12. 13. 14.  4.  7. 11.  9.  1.  6.  8. 10.  5.  3.  2.]  --  Cost: 86944.78076784432
Ant 2
Route order: [ 0. 12. 13. 14.  4.  1.  9.  6.  8. 10. 11.  5.  3.  7.  2.]  --  Cost: 88704.86041504316
Ant 3
Route order: [ 0. 12. 13. 14.  4.  7.  9.  1. 11. 10.  8.  6.  5.  3.  2.]  --  Cost: 93361.63177512283
Ant 4
Route order: [ 0. 12. 13.  4.  7. 11.  5.  3. 10.  8.  6.  9.  1. 14.  2.]  --  Cost: 96293.48757242941
Ant 5
Route order: [ 0. 12. 13. 14.  4.  1.  9.  7. 11.  6.  8. 10.  3.  5.  2.]  --  Cost: 92888.86010249757
Ant 6
Route order: [ 0. 12.  3.  5.  7. 14.  4.  1.  9. 11. 10.  8.  6. 13.  2.]  --  Cost: 94044.90331926392
Ant 7
Route order: [ 0. 12. 13. 14.  4.  1.  9.  7. 11. 10.  8.  6.  5.  3.  2.]  --  Cost: 88882.69795334444
Ant 8
Route order: [ 0. 12.  7. 11.  5.  3. 10.  8.  6.  9.  1.  4. 14. 13.  2.]  --  Cost: 92901.24578823693
Ant 9
Route order: [ 0. 12. 13.  1.  4. 14.  7. 11.  9.  6.  8. 10.  5.  3.  2.]  --  Cost: 85702.69532090498
Ant 10
Route order: [ 0. 12. 13.  1.  4. 14.  7. 11.  9.  6.  8. 10.  5.  3.  2.]  --  Cost: 85702.69532090498
Ant 11
Route order: [ 0. 12. 13.  4. 14.  7. 11.  5.  3. 10.  8.  6.  9.  1.  2.]  --  Cost: 96108.38301267734
Ant 12
Route order: [ 0. 12. 13. 14.  4.  1.  9.  7. 11.  5.  3.  2. 10.  8.  6.]  --  Cost: 93318.15234877309
Ant 13
Route order: [ 0. 12. 13. 14.  4.  1.  9.  7. 11. 10.  8.  6.  5.  3.  2.]  --  Cost: 88882.69795334444
Ant 14
Route order: [ 0. 12. 13. 14.  4.  1.  9.  7. 11.  5.  3.  2. 10.  8.  6.]  --  Cost: 93318.15234877309
Ant 15
Route order: [ 0. 12. 13. 14.  4.  1.  9.  7. 11. 10.  8.  6.  5.  3.  2.]  --  Cost: 88882.69795334444
Ant 16
Route order: [ 0. 12. 13. 14.  4.  1.  9.  7. 11.  6.  8. 10.  5.  3.  2.]  --  Cost: 87095.94233220161
Ant 17
Route order: [ 0. 12. 13. 14.  4.  1.  9.  7. 11.  6.  8. 10.  5.  3.  2.]  --  Cost: 87095.94233220161
Ant 18
Route order: [ 0. 12. 13. 14.  4.  1.  9. 10.  8.  6. 11.  5.  3.  2.  7.]  --  Cost: 87577.36492613397
Ant 19
Route order: [ 0. 12. 13. 14.  4.  1.  9.  7. 11.  6.  8. 10.  5.  3.  2.]  --  Cost: 87095.94233220161
Ant 20
Route order: [ 0. 12. 13. 14.  4.  1.  9.  7. 11. 10.  8.  6.  5.  3.  2.]  --  Cost: 88882.69795334444
Ant 21
Route order: [ 0. 12.  7. 11.  5.  3.  2. 13. 14.  4.  1.  9.  6.  8. 10.]  --  Cost: 87971.6245531737
Ant 22
Route order: [ 0. 12. 13. 14.  4.  1.  9.  7. 11. 10.  8.  6.  3.  5.  2.]  --  Cost: 92800.33212490813
Ant 23
Route order: [ 0. 12. 13.  4. 14.  7. 11.  5.  3.  2. 10.  8.  6.  9.  1.]  --  Cost: 89423.27514977663
Ant 24
Route order: [ 0. 12. 13. 14.  4.  1.  9.  7. 11. 10.  8.  6.  5.  3.  2.]  --  Cost: 88882.69795334444
Ant 25
Route order: [ 0. 12. 13. 14.  4.  1.  7. 11.  5.  3.  2. 10.  8.  6.  9.]  --  Cost: 91325.35726554906
Ant 26
Route order: [ 0. 12. 13. 14.  4.  1.  9.  7. 11. 10.  8.  6.  5.  3.  2.]  --  Cost: 88882.69795334444
Ant 27
Route order: [ 0. 12. 13. 14.  4.  1.  9.  7. 11. 10.  8.  6.  5.  3.  2.]  --  Cost: 88882.69795334444
Ant 28
Route order: [ 0. 12. 13. 14. 10.  8.  6.  9.  1.  4.  7. 11.  5.  3.  2.]  --  Cost: 89086.7321834375
Ant 29
Route order: [ 0. 12. 13. 14.  4.  1.  9.  7. 10.  8.  6. 11.  5.  3.  2.]  --  Cost: 88968.16796445832
Ant 30
Route order: [ 0. 12. 13. 14.  4.  1.  9.  7. 11.  5.  3.  2. 10.  8.  6.]  --  Cost: 93318.15234877309
Ant 31
Route order: [ 0. 12. 13. 14.  4.  1.  9.  7. 11.  5.  3.  2. 10.  8.  6.]  --  Cost: 93318.15234877309
Ant 32
Route order: [ 0. 12. 13. 14.  4.  1.  9.  7. 11. 10.  8.  6.  5.  3.  2.]  --  Cost: 88882.69795334444
Ant 33
Route order: [ 0. 12. 13. 14.  4.  1.  9.  7. 11. 10.  8.  6.  5.  3.  2.]  --  Cost: 88882.69795334444
Ant 34
Route order: [ 0. 12.  7. 11.  5.  3.  2. 10.  8.  6.  9.  1.  4. 14. 13.]  --  Cost: 87483.20043448523
Ant 35
Route order: [ 0. 12. 13. 14.  4.  1.  9.  7. 11. 10.  8.  6.  5.  3.  2.]  --  Cost: 88882.69795334444
Ant 36
Route order: [ 0. 12. 13. 14.  4.  1.  9.  7. 11. 10.  8.  6.  5.  3.  2.]  --  Cost: 88882.69795334444
Ant 37
Route order: [ 0. 12. 13. 14.  4.  1.  9.  7. 11. 10.  8.  6.  5.  3.  2.]  --  Cost: 88882.69795334444
Ant 38
Route order: [ 0. 12. 13. 14.  4.  1.  9.  7. 11.  5.  3.  2. 10.  8.  6.]  --  Cost: 93318.15234877309
Ant 39
Route order: [ 0. 12. 13. 14.  4.  1.  9.  7. 11.  5.  3.  2. 10.  8.  6.]  --  Cost: 93318.15234877309
Ant 40
Route order: [ 0. 12. 13. 14.  4.  1.  9.  7. 11.  5.  3.  2. 10.  8.  6.]  --  Cost: 93318.15234877309
Ant 41
Route order: [ 0. 12. 13. 14.  4.  1.  9.  7. 11. 10.  8.  6.  5.  3.  2.]  --  Cost: 88882.69795334444
Ant 42
Route order: [ 0. 12. 13. 14.  4.  1.  9.  7. 11. 10.  8.  6.  5.  3.  2.]  --  Cost: 88882.69795334444
Ant 43
Route order: [ 0. 12. 13. 14.  4.  1.  9.  7. 11.  5.  3.  2. 10.  8.  6.]  --  Cost: 93318.15234877309
Ant 44
Route order: [ 0. 12. 13. 14.  4.  1.  9.  7. 11. 10.  8.  6.  5.  3.  2.]  --  Cost: 88882.69795334444
Ant 45
Route order: [ 0. 12. 13. 14.  4.  1.  9.  7. 11. 10.  8.  6.  5.  3.  2.]  --  Cost: 88882.69795334444
Ant 46
Route order: [ 0. 12. 13.  4. 14.  7. 11.  5.  3.  2. 10.  8.  6.  9.  1.]  --  Cost: 89423.27514977663
Ant 47
Route order: [ 0. 12. 13. 14.  4.  1.  9.  7. 11. 10.  8.  6.  5.  3.  2.]  --  Cost: 88882.69795334444
Ant 48
Route order: [ 0. 12. 13. 14.  4.  1.  9.  7. 11. 10.  8.  6.  5.  3.  2.]  --  Cost: 88882.69795334444
Ant 49
Route order: [ 0. 12. 13. 14.  4.  1.  9.  7. 11.  6.  8. 10.  5.  3.  2.]  --  Cost: 87095.94233220161
Ant 0
Route order: [ 0. 12. 10.  8.  6.  9.  1.  4. 14. 13.  7. 11.  5.  3.  2.]  --  Cost: 89429.5502935861
Ant 1
Route order: [ 0.  7. 11.  5.  3. 12. 13. 14.  4.  1.  9.  6.  8. 10.  2.]  --  Cost: 92911.45955517897
Ant 2
Route order: [ 0. 12. 13. 14.  4.  1.  9.  6.  8. 10. 11.  5.  3.  7.  2.]  --  Cost: 88704.86041504316
Ant 3
Route order: [ 0. 12. 13. 14.  4.  1.  9.  7. 11. 10.  8.  6.  5.  3.  2.]  --  Cost: 88882.69795334444
Ant 4
Route order: [ 0. 12.  7. 11.  5.  3. 10.  8.  6.  9.  1.  4. 14. 13.  2.]  --  Cost: 92901.24578823693
Ant 5
Route order: [ 0. 12. 13. 14.  4.  1.  9.  6.  8. 10. 11.  7.  5.  3.  2.]  --  Cost: 81608.7912233732
Ant 6
Route order: [ 0. 12. 13. 14.  4.  1.  9.  7. 11. 10.  8.  6.  5.  3.  2.]  --  Cost: 88882.69795334444
Ant 7
Route order: [ 0.  7. 11.  5.  3. 12. 13. 14.  4.  1.  9.  6.  8. 10.  2.]  --  Cost: 92911.45955517897
Ant 8
Route order: [ 0. 12. 13. 14.  4.  1.  9.  7. 11.  5.  3.  2. 10.  8.  6.]  --  Cost: 93318.15234877309
Ant 9
Route order: [ 0.  5.  3. 12. 13. 14.  4.  1.  9.  7. 11. 10.  8.  6.  2.]  --  Cost: 97960.1798341985
Ant 10
Route order: [ 0.  7. 11.  5.  3. 12. 13. 14.  4.  1.  9.  6.  8. 10.  2.]  --  Cost: 92911.45955517897
Ant 11
Route order: [ 0. 12.  7. 11.  1.  4. 14. 13.  9.  6.  8. 10.  5.  3.  2.]  --  Cost: 89082.26041413558
Ant 12
Route order: [ 0.  7. 11.  5.  3. 12. 13. 14.  4.  1.  9.  6.  8. 10.  2.]  --  Cost: 92911.45955517897
Ant 13
Route order: [ 0. 12. 13. 14.  4.  1.  9.  6.  8. 10. 11.  5.  3.  7.  2.]  --  Cost: 88704.86041504316
Ant 14
Route order: [ 0. 12. 13. 14.  4.  1.  9.  7. 11.  6.  8. 10.  5.  3.  2.]  --  Cost: 87095.94233220161
Ant 15
Route order: [ 0. 12. 13. 14.  4.  1.  9.  7. 11.  5.  3.  2. 10.  8.  6.]  --  Cost: 93318.15234877309
Ant 16
Route order: [ 0. 12. 13. 14.  4.  1.  9.  6.  8. 10. 11.  5.  3.  7.  2.]  --  Cost: 88704.86041504316
Ant 17
Route order: [ 0. 12. 13. 14.  4.  1.  9.  7. 11.  5.  3.  2. 10.  8.  6.]  --  Cost: 93318.15234877309
Ant 18
Route order: [ 0. 12. 13. 14.  4.  1.  9.  7. 11. 10.  8.  6.  5.  3.  2.]  --  Cost: 88882.69795334444
Ant 19
Route order: [ 0. 12. 13. 14.  4.  1.  9.  7. 11. 10.  8.  6.  3.  5.  2.]  --  Cost: 92800.33212490813
Ant 20
Route order: [ 0. 12. 13. 14.  4.  1.  9.  7. 11. 10.  8.  6.  5.  3.  2.]  --  Cost: 88882.69795334444
Ant 21
Route order: [ 0. 12. 13. 14.  4.  1.  9.  7. 11.  5.  3.  2. 10.  8.  6.]  --  Cost: 93318.15234877309
Ant 22
Route order: [ 0. 12. 13. 14.  4.  1.  9.  6.  8. 10. 11.  5.  3.  7.  2.]  --  Cost: 88704.86041504316
Ant 23
Route order: [ 0.  7. 11.  5.  3. 12. 13. 14.  4.  1.  9.  6.  8. 10.  2.]  --  Cost: 92911.45955517897
Ant 24
Route order: [ 0. 12. 13. 14.  4.  1.  9.  7. 11.  5.  3.  2. 10.  8.  6.]  --  Cost: 93318.15234877309
Ant 25
Route order: [ 0. 12. 13. 14.  4.  1.  9.  7. 11. 10.  8.  6.  5.  3.  2.]  --  Cost: 88882.69795334444
Ant 26
Route order: [ 0. 12. 13. 14.  4.  1.  9.  7. 11.  5.  3.  2. 10.  8.  6.]  --  Cost: 93318.15234877309
Ant 27
Route order: [ 0. 12.  7. 11.  5.  3.  2. 10.  8.  6.  9.  1.  4. 14. 13.]  --  Cost: 87483.20043448523
Ant 28
Route order: [ 0. 12.  7. 11.  5.  3.  2. 10.  8.  6.  9.  1.  4. 14. 13.]  --  Cost: 87483.20043448523
Ant 29
Route order: [ 0. 12. 13. 14.  4.  1.  9.  6.  8. 10. 11.  5.  3.  7.  2.]  --  Cost: 88704.86041504316
Ant 30
Route order: [ 0. 12. 13. 14.  4.  1.  9.  7. 11. 10.  8.  6.  5.  3.  2.]  --  Cost: 88882.69795334444
Ant 31
Route order: [ 0. 12. 13. 14.  4.  1.  9.  7. 11. 10.  8.  6.  5.  3.  2.]  --  Cost: 88882.69795334444
Ant 32
Route order: [ 0. 12. 13. 14.  4.  1.  9.  7. 11. 10.  8.  6.  5.  3.  2.]  --  Cost: 88882.69795334444
Ant 33
Route order: [ 0.  7. 11.  5.  3. 12. 13. 14.  4.  1.  9.  6.  8. 10.  2.]  --  Cost: 92911.45955517897
Ant 34
Route order: [ 0. 12. 13. 14.  4.  7. 11.  5.  3.  2. 10.  8.  6.  9.  1.]  --  Cost: 90031.18174899436
Ant 35
Route order: [ 0. 12.  7. 11.  5.  3.  2. 10.  8.  6.  9.  1. 14.  4. 13.]  --  Cost: 88221.79400409973
Ant 36
Route order: [ 0. 12. 13. 14.  4.  1.  9.  7. 11.  5.  3.  2. 10.  8.  6.]  --  Cost: 93318.15234877309
Ant 37
Route order: [ 0. 12. 13. 14.  4.  1.  9.  7. 11. 10.  8.  6.  5.  3.  2.]  --  Cost: 88882.69795334444
Ant 38
Route order: [ 0. 12.  7. 11. 10.  8.  6.  9.  1.  4. 14. 13.  3.  5.  2.]  --  Cost: 87170.9256066308
Ant 39
Route order: [ 0. 12. 13. 14.  4.  1.  9.  7. 11.  5.  3.  2. 10.  8.  6.]  --  Cost: 93318.15234877309
Ant 40
Route order: [ 0. 12. 13. 14.  4.  1.  9.  7. 11. 10.  8.  6.  5.  3.  2.]  --  Cost: 88882.69795334444
Ant 41
Route order: [ 0. 12.  7. 11.  5.  3.  2. 10.  8.  6.  9.  1.  4. 14. 13.]  --  Cost: 87483.20043448523
Ant 42
Route order: [ 0. 12.  7. 11.  5.  3.  2. 10.  8.  6.  9.  1.  4. 14. 13.]  --  Cost: 87483.20043448523
Ant 43
Route order: [ 0. 12. 13. 14.  4.  1.  9.  6.  8. 10. 11.  5.  3.  2.  7.]  --  Cost: 81356.74003776001
Ant 44
Route order: [ 0. 12. 13. 14.  4.  1.  9.  7. 11.  5.  3.  2. 10.  8.  6.]  --  Cost: 93318.15234877309
Ant 45
Route order: [ 0. 12. 13. 14.  4.  1.  9.  7. 11. 10.  8.  6.  5.  3.  2.]  --  Cost: 88882.69795334444
Ant 46
Route order: [ 0. 12. 13. 14.  4.  1.  9.  7. 11.  5.  3.  2. 10.  8.  6.]  --  Cost: 93318.15234877309
Ant 47
Route order: [ 0.  4. 14. 13. 12.  7. 11.  5.  3.  2. 10.  8.  6.  9.  1.]  --  Cost: 91124.70955028894
Ant 48
Route order: [ 0. 12. 13. 14.  4.  1.  9.  7. 11.  5.  3.  2. 10.  8.  6.]  --  Cost: 93318.15234877309
Ant 49
Route order: [ 0. 12. 13. 14.  4.  1.  9.  7. 11.  5.  3.  2. 10.  8.  6.]  --  Cost: 93318.15234877309
Ant 0
Route order: [ 0. 12.  3.  5.  7. 14.  4.  1.  9. 11. 10.  8.  6. 13.  2.]  --  Cost: 94044.90331926392
Ant 1
Route order: [ 0.  7. 11.  5.  3. 10.  8.  6.  9.  1.  4. 14. 13. 12.  2.]  --  Cost: 90260.07732049475
Ant 2
Route order: [ 0. 12. 13. 14.  4.  1.  9.  7. 11. 10.  8.  6.  5.  3.  2.]  --  Cost: 88882.69795334444
Ant 3
Route order: [ 0. 12. 13. 14.  4.  1.  9.  6.  8. 10. 11.  7.  5.  3.  2.]  --  Cost: 81608.7912233732
Ant 4
Route order: [ 0. 12. 13.  4. 14.  7. 11.  9.  1.  6.  8. 10.  5.  3.  2.]  --  Cost: 86336.87416862659
Ant 5
Route order: [ 0. 12. 13. 14.  4.  1.  9.  7. 11. 10.  8.  6.  5.  3.  2.]  --  Cost: 88882.69795334444
Ant 6
Route order: [ 0. 12. 13. 14.  4.  1.  7. 11.  9.  6.  8. 10.  5.  3.  2.]  --  Cost: 86472.20859727814
Ant 7
Route order: [ 0. 12. 13.  4. 14.  7. 11.  9.  1.  6.  8. 10.  5.  3.  2.]  --  Cost: 86336.87416862659
Ant 8
Route order: [ 0. 12. 13.  1.  4. 14.  7. 11.  9.  6.  8. 10.  5.  3.  2.]  --  Cost: 85702.69532090498
Ant 9
Route order: [ 0. 12. 13. 14.  4.  1. 10.  8.  6.  9.  7. 11.  5.  3.  2.]  --  Cost: 88670.00560596568
Ant 10
Route order: [ 0. 12. 13.  4. 14.  7. 11.  9.  1.  6.  8. 10.  5.  3.  2.]  --  Cost: 86336.87416862659
Ant 11
Route order: [ 0. 12. 13. 14.  4.  1.  9.  6.  8. 10. 11.  7.  5.  3.  2.]  --  Cost: 81608.7912233732
Ant 12
Route order: [ 0. 12. 13. 14.  4.  1.  9.  7. 11. 10.  8.  6.  5.  3.  2.]  --  Cost: 88882.69795334444
Ant 13
Route order: [ 0. 12. 13.  1.  9.  7. 11.  5.  3.  2. 10.  8.  6.  4. 14.]  --  Cost: 92490.17890916365
Ant 14
Route order: [ 0. 12. 13.  4. 14.  7. 11.  9.  1.  6.  8. 10.  5.  3.  2.]  --  Cost: 86336.87416862659
Ant 15
Route order: [ 0. 12. 13.  4. 14.  7. 11.  5.  3.  2. 10.  8.  6.  9.  1.]  --  Cost: 89423.27514977663
Ant 16
Route order: [ 0. 12. 13. 14.  4.  1. 11.  7.  9.  6.  8. 10.  5.  3.  2.]  --  Cost: 87834.73983626868
Ant 17
Route order: [ 0. 12. 13.  4. 14.  7. 11.  9.  1.  6.  8. 10.  5.  3.  2.]  --  Cost: 86336.87416862659
Ant 18
Route order: [ 0. 12. 13.  4. 14.  7. 11.  5.  3.  2. 10.  8.  6.  9.  1.]  --  Cost: 89423.27514977663
Ant 19
Route order: [ 0. 12. 13. 14.  4.  1.  9.  6.  8. 10. 11.  5.  3.  7.  2.]  --  Cost: 88704.86041504316
Ant 20
Route order: [ 0. 12. 13. 14.  4.  1.  9.  7. 11.  5.  3.  2. 10.  8.  6.]  --  Cost: 93318.15234877309
Ant 21
Route order: [ 0. 12. 13.  4. 14.  7. 11.  9.  1.  6.  8. 10.  5.  3.  2.]  --  Cost: 86336.87416862659
Ant 22
Route order: [ 0. 12. 13.  4. 14.  7. 11.  5.  3.  2. 10.  8.  6.  9.  1.]  --  Cost: 89423.27514977663
Ant 23
Route order: [ 0. 12. 13. 14.  4.  1.  9.  7. 11.  5.  3.  2. 10.  8.  6.]  --  Cost: 93318.15234877309
Ant 24
Route order: [ 0. 12. 13.  4. 14.  7. 11.  9.  1.  6.  8. 10.  5.  3.  2.]  --  Cost: 86336.87416862659
Ant 25
Route order: [ 0. 12. 13. 14.  4.  1.  9.  7. 11.  5.  3.  2. 10.  8.  6.]  --  Cost: 93318.15234877309
Ant 26
Route order: [ 0. 12. 13.  4.  1.  9.  7. 11.  5.  3.  2. 10.  8.  6. 14.]  --  Cost: 92804.80925175601
Ant 27
Route order: [ 0. 12. 13. 14.  4.  1. 10.  8.  6.  9.  7. 11.  5.  3.  2.]  --  Cost: 88670.00560596568
Ant 28
Route order: [ 0. 12. 13.  4. 14.  7. 11.  9.  1.  6.  8. 10.  5.  3.  2.]  --  Cost: 86336.87416862659
Ant 29
Route order: [ 0. 12. 13. 14.  4.  1.  9.  7. 11.  5.  3.  2. 10.  8.  6.]  --  Cost: 93318.15234877309
Ant 30
Route order: [ 0. 12. 13. 14.  4.  1.  9.  7. 11.  5.  3.  2. 10.  8.  6.]  --  Cost: 93318.15234877309
Ant 31
Route order: [ 0. 12. 13. 14.  4.  1.  9.  7. 11. 10.  8.  6.  5.  3.  2.]  --  Cost: 88882.69795334444
Ant 32
Route order: [ 0. 12. 13. 14.  4.  1.  9.  7. 11. 10.  8.  6.  5.  3.  2.]  --  Cost: 88882.69795334444
Ant 33
Route order: [ 0.  7. 11.  5.  3.  2. 10.  8.  6.  9.  1.  4. 14. 13. 12.]  --  Cost: 86240.26011789238
Ant 34
Route order: [ 0. 12. 13.  4. 14.  7. 11.  5.  3.  2. 10.  8.  6.  9.  1.]  --  Cost: 89423.27514977663
Ant 35
Route order: [ 0. 12.  7. 11.  5.  3.  2. 10.  8.  6.  9.  1.  4. 14. 13.]  --  Cost: 87483.20043448523
Ant 36
Route order: [ 0. 12. 13. 14.  4.  1.  9.  6.  8. 10. 11.  5.  3.  7.  2.]  --  Cost: 88704.86041504316
Ant 37
Route order: [ 0. 12. 13. 14.  4.  1.  9. 11.  5.  3.  2. 10.  8.  6.  7.]  --  Cost: 91586.5666757533
Ant 38
Route order: [ 0. 12. 13. 14.  4.  1.  9.  7. 11. 10.  8.  6.  5.  3.  2.]  --  Cost: 88882.69795334444
Ant 39
Route order: [ 0. 12. 13.  4.  1.  9.  7. 11.  5.  3.  2. 10.  8.  6. 14.]  --  Cost: 92804.80925175601
Ant 40
Route order: [ 0. 12. 13. 14.  4.  1.  9.  7. 11. 10.  8.  6.  5.  3.  2.]  --  Cost: 88882.69795334444
Ant 41
Route order: [ 0. 12. 13. 14.  4.  1.  9. 11.  5.  3.  2. 10.  8.  6.  7.]  --  Cost: 91586.5666757533
Ant 42
Route order: [ 0. 12. 13. 14.  4.  1.  9.  7. 11.  6.  8. 10.  5.  3.  2.]  --  Cost: 87095.94233220161
Ant 43
Route order: [ 0. 12. 13. 14.  4.  1.  9.  6.  8. 10. 11.  5.  3.  7.  2.]  --  Cost: 88704.86041504316
Ant 44
Route order: [ 0. 12. 13. 14.  4.  1.  9.  7. 11. 10.  8.  6.  5.  3.  2.]  --  Cost: 88882.69795334444
Ant 45
Route order: [ 0. 12. 13. 14.  4.  1.  9.  7. 11.  5.  3.  2. 10.  8.  6.]  --  Cost: 93318.15234877309
Ant 46
Route order: [ 0. 12. 13.  4. 14.  7. 11.  5.  3.  2. 10.  8.  6.  9.  1.]  --  Cost: 89423.27514977663
Ant 47
Route order: [ 0. 12. 13. 14.  4.  1.  9.  7. 11.  5.  3.  2. 10.  8.  6.]  --  Cost: 93318.15234877309
Ant 48
Route order: [ 0. 12. 13. 14.  4.  1.  9.  7. 11.  5.  3.  2. 10.  8.  6.]  --  Cost: 93318.15234877309
Ant 49
Route order: [ 0. 12. 13. 14.  4.  1.  9.  7. 11.  5.  3.  2. 10.  8.  6.]  --  Cost: 93318.15234877309
Ant 0
Route order: [ 0. 12. 13. 14.  4.  1.  9. 10.  8.  6. 11.  7.  5.  3.  2.]  --  Cost: 87829.41611174715
Ant 1
Route order: [ 0.  7. 14.  4.  1.  9. 13. 12.  3.  5. 11. 10.  8.  6.  2.]  --  Cost: 97150.4928350045
Ant 2
Route order: [ 0. 12. 13. 14.  4.  1.  9. 10.  8.  6. 11.  5.  3.  7.  2.]  --  Cost: 94925.48530341714
Ant 3
Route order: [ 0. 12. 13. 14.  4.  1.  9.  7. 11.  5.  3.  2. 10.  8.  6.]  --  Cost: 93318.15234877309
Ant 4
Route order: [ 0. 12. 13. 14.  4.  1.  9.  6.  8. 10. 11.  5.  3.  7.  2.]  --  Cost: 88704.86041504316
Ant 5
Route order: [ 0. 12. 13. 14.  4.  1.  9.  7. 11.  6.  8. 10.  5.  3.  2.]  --  Cost: 87095.94233220161
Ant 6
Route order: [ 0. 12. 13. 14.  4.  1.  9.  7. 11. 10.  8.  6.  2.  3.  5.]  --  Cost: 91288.9803969119
Ant 7
Route order: [ 0.  7. 11.  5.  3. 12. 13. 14.  4.  1.  9.  6.  8. 10.  2.]  --  Cost: 92911.45955517897
Ant 8
Route order: [ 0. 12. 13. 14.  4.  1.  9. 10.  8.  6. 11.  5.  3.  7.  2.]  --  Cost: 94925.48530341714
Ant 9
Route order: [ 0. 12. 13. 14.  4.  1.  9.  7. 11. 10.  8.  6.  5.  3.  2.]  --  Cost: 88882.69795334444
Ant 10
Route order: [ 0. 12. 13. 14.  4.  1. 11.  7.  9.  6.  8. 10.  5.  3.  2.]  --  Cost: 87834.73983626868
Ant 11
Route order: [ 0. 12. 13. 14.  4.  1.  9.  7. 11.  6.  8. 10.  5.  3.  2.]  --  Cost: 87095.94233220161
Ant 12
Route order: [ 0. 12. 13. 14.  4.  1.  9.  7. 11.  5.  3.  2. 10.  8.  6.]  --  Cost: 93318.15234877309
Ant 13
Route order: [ 0. 12. 13. 14.  4.  1.  9.  7. 11.  5.  3.  2. 10.  8.  6.]  --  Cost: 93318.15234877309
Ant 14
Route order: [ 0. 12. 13. 14.  4.  1.  9.  7. 11.  5.  3.  2. 10.  8.  6.]  --  Cost: 93318.15234877309
Ant 15
Route order: [ 0. 12. 13. 14.  4.  1.  9.  7. 11.  5.  3.  2. 10.  8.  6.]  --  Cost: 93318.15234877309
Ant 0
Route order: [ 0. 12. 13. 14.  4.  1.  9.  6.  8. 10. 11.  7.  5.  3.  2.]  --  Cost: 81608.7912233732
Ant 1
Route order: [ 0. 12. 13. 14.  4.  1.  9.  7. 11. 10.  8.  6.  2.  3.  5.]  --  Cost: 91288.9803969119
Ant 2
Route order: [ 0. 12. 13. 14.  4.  1.  7. 11.  5.  3. 10.  8.  6.  9.  2.]  --  Cost: 98618.16877388285
Ant 3
Route order: [ 0. 12. 13.  1.  4. 14.  7. 11.  9.  6.  8. 10.  5.  3.  2.]  --  Cost: 85702.69532090498
Ant 4
Route order: [ 0. 12. 13. 14.  4.  1.  9.  7. 11. 10.  8.  6.  2.  3.  5.]  --  Cost: 91288.9803969119
Ant 5
Route order: [ 0. 12. 13. 14.  4.  1.  9.  7. 11. 10.  8.  6.  2.  3.  5.]  --  Cost: 91288.9803969119
Ant 6
Route order: [ 0. 12. 13.  4. 14.  7. 11.  9.  1.  6.  8. 10.  5.  3.  2.]  --  Cost: 86336.87416862659
Ant 7
Route order: [ 0.  7. 11.  5.  3. 12. 13. 14.  4.  1.  9.  6.  8. 10.  2.]  --  Cost: 92911.45955517897
Ant 8
Route order: [ 0. 12. 13. 14.  4.  1.  9.  7. 11. 10.  8.  6.  5.  3.  2.]  --  Cost: 88882.69795334444
Ant 9
Route order: [ 0. 12. 13. 14.  4.  1.  9.  6.  8. 10. 11.  7.  5.  3.  2.]  --  Cost: 81608.7912233732
Ant 10
Route order: [ 0. 12. 13. 14.  4.  1.  9.  7. 11. 10.  8.  6.  5.  3.  2.]  --  Cost: 88882.69795334444
Ant 11
Route order: [ 0. 12. 13. 14.  4.  1.  9.  7. 11. 10.  8.  6.  5.  3.  2.]  --  Cost: 88882.69795334444
Ant 12
Route order: [ 0.  3.  5.  7. 11. 10.  8.  6.  9.  1.  4. 14. 13. 12.  2.]  --  Cost: 87296.55529407028
Ant 13
Route order: [ 0. 12. 13. 14.  4.  1.  9.  7. 11. 10.  8.  6.  5.  3.  2.]  --  Cost: 88882.69795334444
Ant 14
Route order: [ 0. 12.  7. 11. 10.  8.  6.  9.  1.  4. 14. 13.  3.  5.  2.]  --  Cost: 87170.9256066308
Ant 15
Route order: [ 0.  7. 11. 10.  8.  6.  9.  1. 14.  4. 13. 12.  3.  5.  2.]  --  Cost: 84735.68591513997
Ant 16
Route order: [ 0. 12. 13. 14.  4.  1.  9.  6.  8. 10. 11.  7.  5.  3.  2.]  --  Cost: 81608.7912233732
Ant 17
Route order: [ 0. 12. 13. 14.  4.  1.  9.  7. 11.  6.  8. 10.  5.  3.  2.]  --  Cost: 87095.94233220161
Ant 18
Route order: [ 0. 12. 13. 14.  4.  1.  9.  7. 11. 10.  8.  6.  5.  3.  2.]  --  Cost: 88882.69795334444
Ant 19
Route order: [ 0. 12. 13. 14.  4.  1.  9.  7. 11. 10.  8.  6.  5.  3.  2.]  --  Cost: 88882.69795334444
Ant 20
Route order: [ 0. 12. 13. 14.  4.  1.  9.  6.  8. 10. 11.  7.  5.  3.  2.]  --  Cost: 81608.7912233732
Ant 21
Route order: [ 0. 12. 13.  1.  4. 14.  7. 11. 10.  8.  6.  9.  5.  3.  2.]  --  Cost: 86695.54802090896
Ant 22
Route order: [ 0. 12.  7. 11. 10.  8.  6.  9.  1.  4. 14. 13.  3.  5.  2.]  --  Cost: 87170.9256066308
Ant 23
Route order: [ 0. 12. 13. 14.  4.  1.  9.  7. 11. 10.  8.  6.  5.  3.  2.]  --  Cost: 88882.69795334444
Ant 24
Route order: [ 0.  7. 11. 10.  8.  6.  9.  1.  4. 14. 13. 12.  3.  5.  2.]  --  Cost: 83997.09234552548
Ant 25
Route order: [ 0. 12. 13. 14.  4.  1.  9.  7. 11. 10.  8.  6.  5.  3.  2.]  --  Cost: 88882.69795334444
Ant 26
Route order: [ 0. 12.  3.  5.  7. 11. 10.  8.  6.  9.  1.  4. 14. 13.  2.]  --  Cost: 87780.1025375154
Ant 27
Route order: [ 0.  7. 11. 10.  8.  6.  9.  1.  4. 14. 13. 12.  3.  5.  2.]  --  Cost: 83997.09234552548
Ant 28
Route order: [ 0. 12. 13. 14.  4.  1.  9.  7. 11. 10.  8.  6.  5.  3.  2.]  --  Cost: 88882.69795334444
Ant 29
Route order: [ 0. 12.  7. 11. 10.  8.  6.  9.  1.  4. 14. 13.  3.  5.  2.]  --  Cost: 87170.9256066308
Ant 30
Route order: [ 0.  7. 11. 10.  8.  6.  9.  1.  4. 14. 13. 12.  3.  5.  2.]  --  Cost: 83997.09234552548
Ant 31
Route order: [ 0. 12.  3.  5.  7. 11. 10.  8.  6.  9.  1.  4. 14. 13.  2.]  --  Cost: 87780.1025375154
Ant 32
Route order: [ 0. 12. 13. 14.  4.  1.  7. 11. 10.  8.  6.  9.  5.  3.  2.]  --  Cost: 87465.06129728211
Ant 33
Route order: [ 0. 12. 13. 14.  4.  1.  9.  7. 11. 10.  8.  6.  5.  3.  2.]  --  Cost: 88882.69795334444
Ant 34
Route order: [ 0. 12. 13. 14.  4.  1.  9.  7. 11. 10.  8.  6.  5.  3.  2.]  --  Cost: 88882.69795334444
Ant 35
Route order: [ 0. 12. 13. 14.  4.  1.  9.  7. 11. 10.  8.  6.  5.  3.  2.]  --  Cost: 88882.69795334444
Ant 36
Route order: [ 0. 12. 13. 14.  4.  1.  9.  7. 11. 10.  8.  6.  5.  3.  2.]  --  Cost: 88882.69795334444
Ant 0
Route order: [ 0. 12. 13. 14.  4.  1.  9.  7. 11.  6.  8. 10.  5.  3.  2.]  --  Cost: 87095.94233220161
Ant 1
Route order: [ 0.  7. 11.  5.  3. 12. 13. 14.  4.  1.  9.  6.  8. 10.  2.]  --  Cost: 92911.45955517897
Ant 2
Route order: [ 0. 12. 14.  4.  1.  9.  6.  8. 10. 11.  7. 13.  3.  5.  2.]  --  Cost: 89119.88638765179
Ant 3
Route order: [ 0.  4. 14. 13. 12.  7. 11.  9.  1.  6.  8. 10.  5.  3.  2.]  --  Cost: 88038.3085691389
Ant 4
Route order: [ 0. 12. 13. 14.  4.  1.  9.  7. 11. 10.  8.  6.  2.  3.  5.]  --  Cost: 91288.9803969119
Ant 5
Route order: [ 0. 12. 13. 14.  4.  1.  9.  6.  8. 10. 11.  7.  5.  3.  2.]  --  Cost: 81608.7912233732
Ant 6
Route order: [ 0. 12. 13. 14.  4.  1.  9.  7. 11.  5.  3.  2. 10.  8.  6.]  --  Cost: 93318.15234877309
Ant 7
Route order: [ 0. 14.  4.  1.  9.  7. 11.  5.  3. 12. 13.  6.  8. 10.  2.]  --  Cost: 99402.55714204258
Ant 8
Route order: [ 0. 13.  4. 14.  1.  9.  6.  8. 10. 11.  7. 12.  3.  5.  2.]  --  Cost: 85978.62623173284
Ant 9
Route order: [ 0.  7. 11.  5.  3. 12. 13. 14.  4.  1.  9.  6.  8. 10.  2.]  --  Cost: 92911.45955517897
Ant 10
Route order: [ 0. 12. 13. 14.  4.  1.  9.  7. 11. 10.  8.  6.  2.  3.  5.]  --  Cost: 91288.9803969119
Ant 11
Route order: [ 0. 12. 13. 14.  4.  1.  9.  6.  8. 10. 11.  7.  5.  3.  2.]  --  Cost: 81608.7912233732
Ant 12
Route order: [ 0. 12. 13.  4. 14.  7. 11.  5.  3.  2. 10.  8.  6.  9.  1.]  --  Cost: 89423.27514977663
Ant 13
Route order: [ 0. 12. 13. 14.  4.  1.  9.  7. 11.  5.  3.  2. 10.  8.  6.]  --  Cost: 93318.15234877309
Ant 14
Route order: [ 0. 12. 13. 14.  4.  1.  9.  7. 11. 10.  8.  6.  5.  3.  2.]  --  Cost: 88882.69795334444
Ant 15
Route order: [ 0. 12. 13. 14.  4.  1.  9.  7. 11. 10.  8.  6.  5.  3.  2.]  --  Cost: 88882.69795334444
Ant 16
Route order: [ 0. 12.  7. 11.  5.  3.  2. 10.  8.  6.  9.  1.  4. 14. 13.]  --  Cost: 87483.20043448523
Ant 17
Route order: [ 0. 12. 13. 14.  4.  1.  9.  7. 11. 10.  8.  6.  5.  3.  2.]  --  Cost: 88882.69795334444
Ant 18
Route order: [ 0. 12. 13. 14.  4.  7. 11.  5.  3.  2. 10.  8.  6.  1.  9.]  --  Cost: 91797.92943611524
Ant 19
Route order: [ 0. 12. 13. 14.  4.  1.  9.  7. 11.  5.  3.  2. 10.  8.  6.]  --  Cost: 93318.15234877309
Ant 20
Route order: [ 0. 12. 13.  4.  1.  9.  7. 11.  5.  3.  2. 10.  8.  6. 14.]  --  Cost: 92804.80925175601
Ant 21
Route order: [ 0. 12. 13. 14.  4.  1.  9.  7. 11. 10.  8.  6.  5.  3.  2.]  --  Cost: 88882.69795334444
Ant 22
Route order: [ 0. 12. 13. 14.  4. 11.  7.  9.  1.  6.  8. 10.  5.  3.  2.]  --  Cost: 88997.97417352934
Ant 23
Route order: [ 0. 12. 13. 14.  4.  1.  9.  6.  8. 10. 11.  7.  5.  3.  2.]  --  Cost: 81608.7912233732
Ant 24
Route order: [ 0. 12. 13. 14.  4.  1.  9.  7. 11.  5.  3.  2. 10.  8.  6.]  --  Cost: 93318.15234877309
Ant 25
Route order: [ 0.  7. 11.  5.  3.  2. 10.  8.  6.  9.  1.  4. 14. 13. 12.]  --  Cost: 86240.26011789238
Ant 26
Route order: [ 0. 12. 13. 14.  4.  1.  9.  7. 11. 10.  8.  6.  5.  3.  2.]  --  Cost: 88882.69795334444
Ant 27
Route order: [ 0.  7. 11.  5.  3.  2. 10.  8.  6.  9.  1.  4. 14. 13. 12.]  --  Cost: 86240.26011789238
Ant 28
Route order: [ 0. 12. 13. 14.  4.  1.  9. 10.  8.  6. 11.  7.  5.  3.  2.]  --  Cost: 87829.41611174715
Ant 29
Route order: [ 0. 12. 13. 14.  4.  1.  9.  7. 11.  5.  3.  2. 10.  8.  6.]  --  Cost: 93318.15234877309
Ant 30
Route order: [ 0. 12. 13. 14.  4.  1.  9. 11.  5.  3.  2. 10.  8.  6.  7.]  --  Cost: 91586.5666757533
Ant 31
Route order: [ 0. 12. 13. 14.  4.  1.  9.  7. 11.  5.  3.  2. 10.  8.  6.]  --  Cost: 93318.15234877309
Ant 32
Route order: [ 0. 12.  7. 11.  5.  3.  2. 10.  8.  6.  9.  1.  4. 14. 13.]  --  Cost: 87483.20043448523
Ant 33
Route order: [ 0. 12. 13. 14.  4.  1.  9.  5.  3.  2. 10.  8.  6. 11.  7.]  --  Cost: 93208.59203858102
Ant 34
Route order: [ 0. 12. 13. 14.  4.  7. 11.  5.  3.  2. 10.  8.  6.  9.  1.]  --  Cost: 90031.18174899436
Ant 35
Route order: [ 0. 12. 13. 14.  4.  1.  9.  7. 11.  5.  3.  2. 10.  8.  6.]  --  Cost: 93318.15234877309
Ant 36
Route order: [ 0. 14.  4.  1. 13. 12.  7. 11.  5.  3.  2. 10.  8.  6.  9.]  --  Cost: 91527.75553422364
Ant 37
Route order: [ 0. 12. 13. 14.  4.  1.  9. 11.  5.  3.  2. 10.  8.  6.  7.]  --  Cost: 91586.5666757533
Ant 38
Route order: [ 0. 12. 13. 14.  4.  1.  9.  7. 11.  5.  3.  2. 10.  8.  6.]  --  Cost: 93318.15234877309
Ant 39
Route order: [ 0. 12. 13. 14.  4.  1.  9.  7. 11.  5.  3.  2. 10.  8.  6.]  --  Cost: 93318.15234877309
Ant 40
Route order: [ 0. 12. 13. 14.  4.  1.  9.  7. 11.  5.  3.  2. 10.  8.  6.]  --  Cost: 93318.15234877309
Ant 41
Route order: [ 0. 12.  7. 11.  5.  3.  2. 10.  8.  6.  9.  1.  4. 14. 13.]  --  Cost: 87483.20043448523
Ant 42
Route order: [ 0.  7. 11.  5.  3. 12. 13. 14.  4.  1.  9.  6.  8. 10.  2.]  --  Cost: 92911.45955517897
Ant 43
Route order: [ 0. 12. 13. 14.  4.  1.  9.  7. 11.  5.  3.  2. 10.  8.  6.]  --  Cost: 93318.15234877309
Ant 44
Route order: [ 0. 12. 13. 14.  4.  1.  9.  7. 11. 10.  8.  6.  5.  3.  2.]  --  Cost: 88882.69795334444
Ant 45
Route order: [ 0. 12. 13. 14.  4.  1.  9. 10.  8.  6. 11.  5.  3.  2.  7.]  --  Cost: 87577.36492613397
Ant 46
Route order: [ 0. 12. 13. 14.  4.  1.  9.  7. 11. 10.  8.  6.  5.  3.  2.]  --  Cost: 88882.69795334444
Ant 47
Route order: [ 0. 12. 13. 14.  4.  1.  9.  7. 11. 10.  8.  6.  5.  3.  2.]  --  Cost: 88882.69795334444
Ant 48
Route order: [ 0. 12. 13. 14.  4.  1.  9.  7. 11. 10.  8.  6.  5.  3.  2.]  --  Cost: 88882.69795334444
Ant 49
Route order: [ 0. 12. 13. 14.  4.  1.  9.  7. 11.  5.  3.  2. 10.  8.  6.]  --  Cost: 93318.15234877309
