BETA = 3 #BETA is a parameter which weighs the relative importance of pheromone trail and of closeness
K= 50 #K is the number of ants
Q0= 0.3 #Q0 is a constant for defining the probability to take the best road or explore new one according to probability distribution
MAX_CITYS= 30 #Limit problem size to a maximun number of cities 
ALPHA= 0.1
N_MAX_CASES= 5 #When N_MAX_CASES ants converge into the same cost it is considered as a final optimal solution
ITERATIONS = 40
Incremental Q0 every iteration
Ant 0
Route order: [ 0. 15. 17.  4. 16. 22. 23.  7. 13.  1. 21. 27.  9. 10. 19. 25.  6. 12.
 29. 20. 11. 28.  8. 18. 26. 24.  5.  3.  2. 14.]  --  Cost: 101019.32402450938
Ant 1
Route order: [ 0.  7. 15. 17.  4. 14. 13. 24. 26. 18.  5.  3.  2. 23. 16. 22.  1. 21.
 27.  9. 10. 19. 25.  6. 20. 28. 11.  8. 29. 12.]  --  Cost: 104821.20791162923
Ant 2
Route order: [ 0.  7. 13. 14. 15. 17.  4. 27.  1. 21. 23. 16. 22.  9. 10. 19. 25.  6.
  8. 28. 11. 20. 12. 29. 18. 26. 24.  5.  3.  2.]  --  Cost: 93624.42958101546
Ant 3
Route order: [ 0. 17. 15.  4. 27. 21.  1. 16. 22. 23.  7. 13. 14.  9. 10. 19. 25.  6.
  8. 28. 11. 20. 29. 12. 18. 26. 24.  5.  3.  2.]  --  Cost: 94449.79355379014
Ant 4
Route order: [ 0.  7. 15. 17.  4. 27. 21.  1. 22. 16.  9. 10. 19. 25.  6. 20.  8. 28.
 11. 29. 18. 26. 24.  5.  3.  2. 13. 23. 12. 14.]  --  Cost: 96449.20290432808
Ant 5
Route order: [ 0.  7. 13. 14. 27. 21.  1. 16. 22. 23. 10.  9. 19. 25.  6. 12. 29. 20.
 11. 28.  8. 18. 26. 24.  5.  3.  2. 15. 17.  4.]  --  Cost: 99166.59198765796
Ant 6
Route order: [ 0. 15. 17.  4. 27.  1. 21. 16. 22. 23.  7. 13. 14. 10.  9. 19. 25.  6.
  8. 28. 11. 20. 29. 12. 18. 26. 24.  5.  3.  2.]  --  Cost: 94421.764200818
Ant 7
Route order: [ 0.  7. 13. 14. 15. 17.  4. 27.  1. 21. 22. 23. 16. 10.  9. 19. 25.  6.
  8. 28. 11. 20. 29. 12. 18. 26. 24.  5.  3.  2.]  --  Cost: 91981.04394252066
Ant 8
Route order: [ 0.  7. 15. 17.  4. 27. 21.  1. 16. 22. 23. 10.  9. 19. 25.  6. 11. 28.
  8. 20. 29. 12. 18. 26. 24.  5.  3. 13. 14.  2.]  --  Cost: 99926.50671735397
Ant 9
Route order: [ 0.  7. 13. 14. 27.  1. 21. 22. 23. 16. 17. 15.  4. 10.  9. 19. 25.  6.
 11. 28.  8. 20. 29. 12. 18. 26. 24.  5.  3.  2.]  --  Cost: 95697.49929030953
Ant 10
Route order: [ 0.  7. 13. 14. 15. 17.  4. 27.  1. 21. 22. 16. 23. 12. 29. 20. 11. 28.
  8. 19. 25.  6. 10.  9. 18. 26. 24.  5.  3.  2.]  --  Cost: 98484.53374331776
Ant 11
Route order: [ 0.  7. 13. 14. 15. 17.  4. 27. 21.  1. 16. 22. 23. 10.  9. 19. 25.  6.
 20. 11. 28.  8. 29. 12. 18. 26. 24.  5.  3.  2.]  --  Cost: 93102.39845453235
Ant 12
Route order: [ 0.  7. 12. 29. 20. 11. 28.  8. 21.  1. 27. 19. 25.  6. 10.  9. 15. 17.
  4. 16. 22. 23. 18. 26. 24.  5.  3.  2. 13. 14.]  --  Cost: 105371.83213458881
Ant 13
Route order: [ 0.  7. 13. 14.  4. 27.  1. 21. 22. 16. 23. 10.  9. 19. 25.  6. 20. 11.
 28.  8. 29. 18. 26. 24.  5.  3.  2. 12. 17. 15.]  --  Cost: 98405.44378000735
Ant 14
Route order: [ 0.  7. 13. 14. 15. 17.  4. 27.  1. 21. 22. 23. 16. 10.  9. 19. 25.  6.
  8. 28. 11. 20. 29. 18. 26. 24.  5.  3.  2. 12.]  --  Cost: 95856.01983954971
Ant 15
Route order: [ 0.  7. 13. 14. 15. 17.  4. 27.  1. 21. 22. 23. 16.  9. 10. 19. 25.  6.
 11. 28.  8. 20. 29. 18. 26. 24.  5.  3.  2. 12.]  --  Cost: 97408.36460889291
Ant 16
Route order: [ 0.  7. 23. 16. 22. 17. 15.  4. 27.  1. 21.  9. 10. 19. 25.  6. 11. 28.
  8. 20. 29. 12. 18. 26. 24.  5.  3.  2. 13. 14.]  --  Cost: 90572.63312756011
Ant 17
Route order: [ 0.  7. 23. 16. 22. 17. 15.  4. 27.  1. 21. 10.  9. 19. 25.  6. 20. 11.
 28.  8. 29. 12. 18. 26. 24.  5.  3.  2. 13. 14.]  --  Cost: 90150.86486976163
Ant 18
Route order: [ 0.  7. 23. 16. 22. 15. 17.  4. 27.  1. 21.  9. 10. 19. 25.  6. 11. 28.
  8. 20. 29. 12. 18. 26. 24.  5.  3.  2. 13. 14.]  --  Cost: 90690.48837606456
Ant 19
Route order: [ 0.  7. 13. 14. 15. 17.  4. 27.  1. 21. 22. 23. 16.  9. 10. 19. 25.  6.
 11. 28.  8. 20. 29. 18. 26. 24.  5.  3.  2. 12.]  --  Cost: 97408.36460889291
Ant 20
Route order: [ 0.  7. 23. 16. 22. 17.  4. 27.  1. 21. 10.  9. 19. 25.  6.  8. 11. 28.
 20. 29. 18. 26. 24.  5.  3.  2. 13. 14. 15. 12.]  --  Cost: 94153.8386240575
Ant 21
Route order: [ 0.  7. 15. 17.  4. 27.  1. 21. 22. 16. 23. 10.  9. 19. 25.  6.  8. 28.
 11. 20. 29. 12. 18. 26. 24.  5.  3.  2. 13. 14.]  --  Cost: 90574.4537070811
Ant 22
Route order: [ 0.  7. 13. 14. 15. 17.  4. 27.  1. 21. 22. 23. 16.  9. 10. 19. 25.  6.
  8. 28. 11. 20. 29. 18. 26. 24.  5.  3.  2. 12.]  --  Cost: 95856.01983954971
Ant 23
Route order: [ 0.  7. 13. 14. 15. 17.  4. 27.  1. 21. 22. 16.  9. 10. 19. 25.  6. 29.
 18. 26. 24.  5.  3.  2. 12. 11. 28.  8. 20. 23.]  --  Cost: 105632.46034048923
Ant 24
Route order: [ 0.  7. 13. 14. 15. 17.  4. 27.  1. 21. 22. 16. 23. 10.  9. 19. 25.  6.
  8. 28. 11. 20. 29. 12. 18. 26. 24.  5.  3.  2.]  --  Cost: 92241.54129049389
Ant 25
Route order: [ 0.  7. 13. 14. 15. 17.  4. 27.  1. 21. 22. 23. 16.  9. 10. 19. 25.  6.
  8. 28. 11. 20. 29. 12. 18. 26. 24.  5.  3.  2.]  --  Cost: 91981.04394252066
Ant 26
Route order: [ 0.  7.  4. 27.  1. 21. 22. 23. 16.  9. 10. 19. 25.  6.  8. 28. 11. 20.
 29. 18. 26. 24.  5.  3.  2. 13. 14. 17. 15. 12.]  --  Cost: 95136.39737153269
Ant 27
Route order: [ 0.  7. 13. 14. 15. 17.  4. 27.  1. 21. 22. 16.  9. 10. 19. 25.  6.  8.
 28. 11. 20. 29. 18. 26. 24.  5.  3.  2. 12. 23.]  --  Cost: 95482.00241749363
Ant 28
Route order: [ 0.  7. 13. 14. 15. 17.  4. 27.  1. 21. 22. 16. 23. 10.  9. 19. 25.  6.
  8. 28. 11. 20. 29. 18. 26. 24.  5.  3.  2. 12.]  --  Cost: 96116.51718752296
Ant 29
Route order: [ 0.  7. 13. 14. 15. 17.  4. 27.  1. 21. 22. 16. 23.  9. 10. 19. 25.  6.
  8. 28. 11. 20. 29. 18. 26. 24.  5.  3.  2. 12.]  --  Cost: 96116.51718752296
Ant 30
Route order: [ 0.  7. 13. 14. 15. 17.  4. 27.  1. 21. 22. 16. 23. 10.  9. 19. 25.  6.
  8. 28. 11. 20. 29. 12. 18. 26. 24.  5.  3.  2.]  --  Cost: 92241.54129049389
Ant 31
Route order: [ 0.  7. 13. 14. 15. 17.  4. 27.  1. 21. 22. 16.  9. 10. 19. 25.  6.  8.
 28. 11. 20. 29. 18. 26. 24.  5.  3.  2. 12. 23.]  --  Cost: 95482.00241749363
Ant 32
Route order: [ 0.  7. 13. 14. 15. 17.  4. 27.  1. 21. 22. 16. 23.  9. 10. 19. 25.  6.
  8. 28. 11. 20. 29. 12. 18. 26. 24.  5.  3.  2.]  --  Cost: 92241.54129049389
Ant 33
Route order: [ 0.  7. 13. 14. 15. 17.  4. 27.  1. 21. 22. 23. 16.  9. 10. 19. 25.  6.
  8. 28. 11. 20. 29. 12. 18. 26. 24.  5.  3.  2.]  --  Cost: 91981.04394252066
Ant 34
Route order: [ 0.  7. 13. 14. 15. 17.  4. 27.  1. 21. 22. 23. 16.  9. 10. 19. 25.  6.
  8. 28. 11. 20. 29. 12. 18. 26. 24.  5.  3.  2.]  --  Cost: 91981.04394252066
Ant 35
Route order: [ 0.  7. 13. 14. 15. 17.  4. 27.  1. 21. 22. 23. 16.  9. 10. 19. 25.  6.
  8. 28. 11. 20. 29. 12. 18. 26. 24.  5.  3.  2.]  --  Cost: 91981.04394252066
Ant 36
Route order: [ 0.  7. 13. 14. 15. 17.  4. 27.  1. 21. 22. 16.  9. 10. 19. 25.  6.  8.
 28. 11. 20. 29. 12. 18. 26. 24.  5.  3.  2. 23.]  --  Cost: 95813.6211810941
Ant 37
Route order: [ 0.  7. 13. 14. 15. 17.  4. 27.  1. 21. 22. 23. 16.  9. 10. 19. 25.  6.
  8. 28. 11. 20. 29. 12. 18. 26. 24.  5.  3.  2.]  --  Cost: 91981.04394252066
Ant 38
Route order: [ 0.  7. 13. 14. 15. 17.  4. 27.  1. 21. 22. 16.  9. 10. 19. 25.  6.  8.
 28. 11. 20. 29. 12. 18. 26. 24.  5.  3.  2. 23.]  --  Cost: 95813.6211810941
Ant 39
Route order: [ 0.  7. 13. 14. 15. 17.  4. 27.  1. 21. 22. 16.  9. 10. 19. 25.  6.  8.
 28. 11. 20. 29. 12. 18. 26. 24.  5.  3.  2. 23.]  --  Cost: 95813.6211810941
Ant 40
Route order: [ 0.  7. 13. 14. 15. 17.  4. 27.  1. 21. 22. 23. 16.  9. 10. 19. 25.  6.
  8. 28. 11. 20. 29. 12. 18. 26. 24.  5.  3.  2.]  --  Cost: 91981.04394252066
Ant 41
Route order: [ 0.  7. 13. 14. 15. 17.  4. 27.  1. 21. 22. 23. 16.  9. 10. 19. 25.  6.
  8. 28. 11. 20. 29. 12. 18. 26. 24.  5.  3.  2.]  --  Cost: 91981.04394252066
Ant 42
Route order: [ 0.  7. 13. 14. 15. 17.  4. 27.  1. 21. 22. 16.  9. 10. 19. 25.  6.  8.
 28. 11. 20. 29. 12. 18. 26. 24.  5.  3.  2. 23.]  --  Cost: 95813.6211810941
Ant 43
Route order: [ 0.  7. 13. 14. 15. 17.  4. 27.  1. 21. 22. 23. 16.  9. 10. 19. 25.  6.
  8. 28. 11. 20. 29. 12. 18. 26. 24.  5.  3.  2.]  --  Cost: 91981.04394252066
Ant 44
Route order: [ 0.  7. 13. 14. 15. 17.  4. 27.  1. 21. 22. 23. 16.  9. 10. 19. 25.  6.
  8. 28. 11. 20. 29. 12. 18. 26. 24.  5.  3.  2.]  --  Cost: 91981.04394252066
Ant 45
Route order: [ 0.  7. 13. 14. 15. 17.  4. 27.  1. 21. 22. 23. 16.  9. 10. 19. 25.  6.
  8. 28. 11. 20. 29. 12. 18. 26. 24.  5.  3.  2.]  --  Cost: 91981.04394252066
Ant 46
Route order: [ 0.  7. 13. 14. 15. 17.  4. 27.  1. 21. 22. 16.  9. 10. 19. 25.  6.  8.
 28. 11. 20. 29. 12. 18. 26. 24.  5.  3.  2. 23.]  --  Cost: 95813.6211810941
Ant 47
Route order: [ 0.  7. 13. 14. 15. 17.  4. 27.  1. 21. 22. 16.  9. 10. 19. 25.  6.  8.
 28. 11. 20. 29. 12. 18. 26. 24.  5.  3.  2. 23.]  --  Cost: 95813.6211810941
Ant 48
Route order: [ 0.  7. 13. 14. 15. 17.  4. 27.  1. 21. 22. 16.  9. 10. 19. 25.  6.  8.
 28. 11. 20. 29. 12. 18. 26. 24.  5.  3.  2. 23.]  --  Cost: 95813.6211810941
Ant 49
Route order: [ 0.  7. 13. 14. 15. 17.  4. 27.  1. 21. 22. 16.  9. 10. 19. 25.  6.  8.
 28. 11. 20. 29. 12. 18. 26. 24.  5.  3.  2. 23.]  --  Cost: 95813.6211810941
