BETA = 3 #BETA is a parameter which weighs the relative importance of pheromone trail and of closeness
K= 50 #K is the number of ants
Q0= 0.3 #Q0 is a constant for defining the probability to take the best road or explore new one according to probability distribution
ALPHA= 0.1
N_MAX_CASES= 7 #When N_MAX_CASES ants converge into the same cost it is considered as a final optimal solution
ITERATIONS = 20
Increase q0 only when is a improvement

Ant 0
Route order: [ 0. 14.  4. 13. 12.  3.  5.  9.  1.  7. 11. 10.  8.  6.  2.]  --  Cost: 101347.15714130364
Ant 1
Route order: [ 0. 14.  4. 13.  1.  9.  7. 12.  3.  5. 11. 10.  8.  6.  2.]  --  Cost: 97406.19438768778
Ant 2
Route order: [ 0.  7. 14.  4.  1.  9. 11. 10.  8.  6. 13. 12.  3.  5.  2.]  --  Cost: 90261.89312727397
Ant 3
Route order: [ 0. 14.  4.  1.  9. 11. 10.  8.  6. 12. 13.  7.  5.  3.  2.]  --  Cost: 91596.03873011947
Ant 4
Route order: [ 0. 12. 13. 14.  4.  1.  9. 11. 10.  8.  6.  7.  5.  3.  2.]  --  Cost: 86955.09778123413
Ant 5
Route order: [ 0. 14.  4. 12.  3.  5. 11. 10.  8.  6.  9.  1. 13.  7.  2.]  --  Cost: 92334.00582416618
Ant 6
Route order: [ 0. 14.  4.  1.  9.  7. 11. 10.  8.  6.  2.  3.  5. 12. 13.]  --  Cost: 92482.90416610052
Ant 7
Route order: [ 0. 14.  4.  1.  9.  7. 11. 10.  8.  6. 13. 12.  3.  5.  2.]  --  Cost: 90488.18993238907
Ant 8
Route order: [ 0. 14.  4.  1.  9. 11. 10.  8.  6. 13. 12.  3.  5.  2.  7.]  --  Cost: 90724.4668586322
Ant 9
Route order: [ 0. 14.  4.  1.  9.  7. 11. 10.  8.  6. 13. 12.  3.  5.  2.]  --  Cost: 90488.18993238907
Ant 10
Route order: [ 0. 14.  4.  1.  9. 11. 10.  8.  6. 13. 12.  7.  5.  3.  2.]  --  Cost: 88845.50355016944
Ant 11
Route order: [ 0. 14.  4. 13. 12. 11. 10.  8.  6.  9.  1.  7.  5.  3.  2.]  --  Cost: 87831.23817369674
Ant 12
Route order: [ 0. 14.  4.  1.  9.  7. 11. 10.  8.  6. 13. 12.  2.  5.  3.]  --  Cost: 89504.75456579958
Ant 13
Route order: [ 0. 14.  4.  1.  9.  7. 11. 10.  8.  6. 13. 12.  3.  5.  2.]  --  Cost: 90488.18993238907
Ant 14
Route order: [ 0. 14.  4.  1.  9.  7. 11. 10.  8.  6. 13. 12.  3.  5.  2.]  --  Cost: 90488.18993238907
Ant 15
Route order: [ 0. 14.  4.  1.  9.  7. 11. 10.  8.  6. 13. 12.  3.  5.  2.]  --  Cost: 90488.18993238907
Ant 16
Route order: [ 0. 14.  4.  1.  9.  7. 11. 10.  8.  6. 13. 12.  3.  5.  2.]  --  Cost: 90488.18993238907
Ant 17
Route order: [ 0. 14.  4.  1.  9.  7. 11. 10.  8.  6. 13. 12.  3.  5.  2.]  --  Cost: 90488.18993238907
Ant 18
Route order: [ 0. 14.  4.  1.  9.  7. 11. 10.  8.  6. 13. 12.  3.  5.  2.]  --  Cost: 90488.18993238907
Ant 19
Route order: [ 0. 14.  4.  1.  9.  7. 11. 10.  8.  6. 13. 12.  3.  5.  2.]  --  Cost: 90488.18993238907
....
Ant 0
Route order: [ 0.  7. 11.  5.  3. 12. 13. 14.  4.  1.  9.  6.  8. 10.  2.]  --  Cost: 92911.45955517897
Ant 1
Route order: [ 0.  7. 11.  9.  1.  4. 14. 13. 12.  3.  5. 10.  8.  6.  2.]  --  Cost: 97619.51165261443
Ant 2
Route order: [ 0.  7.  5.  3. 12. 14.  4.  1.  9.  6.  8. 10. 11. 13.  2.]  --  Cost: 93008.47956612636
Ant 3
Route order: [ 0. 14.  4. 13.  1.  9.  7.  3.  5. 11.  8. 10.  6. 12.  2.]  --  Cost: 96756.09118203912
Ant 4
Route order: [ 0. 12. 13.  4. 14.  7.  9.  1.  6.  8. 10. 11.  5.  3.  2.]  --  Cost: 84389.30608226877
Ant 5
Route order: [ 0.  7. 11.  8. 10.  6.  2.  5.  3. 13. 12.  4. 14.  1.  9.]  --  Cost: 100952.54166151705
Ant 6
Route order: [ 0.  7. 11. 10.  8.  6.  9.  1.  4. 14. 13. 12.  3.  5.  2.]  --  Cost: 83997.09234552548
Ant 7
Route order: [ 0. 12. 13.  1.  4. 14.  7. 11.  9.  6. 10.  8.  5.  3.  2.]  --  Cost: 87928.63453442964
Ant 8
Route order: [ 0.  7. 11. 14.  4.  1. 12. 13.  9.  6. 10.  8.  5.  3.  2.]  --  Cost: 93539.86002576363
Ant 9
Route order: [ 0.  7. 11.  5.  3. 12. 14. 13.  4.  1.  9.  6.  8. 10.  2.]  --  Cost: 94141.05831667807
Ant 10
Route order: [ 0.  7.  4. 14. 13. 12.  3.  5. 11. 10.  8.  6.  9.  1.  2.]  --  Cost: 91852.43298924988
Ant 11
Route order: [ 0.  7. 11. 10.  8.  6.  9.  1.  4. 14. 13. 12.  3.  5.  2.]  --  Cost: 83997.09234552548
Ant 12
Route order: [ 0.  7.  1. 14.  4. 13. 12.  9.  6.  8. 10. 11.  5.  3.  2.]  --  Cost: 87727.08037621237
Ant 13
Route order: [ 0.  7. 11.  5.  3. 12. 13. 14.  4.  1.  9.  6.  8. 10.  2.]  --  Cost: 92911.45955517897
Ant 14
Route order: [ 0.  7. 11. 10.  8.  6.  9.  1.  4. 14. 13. 12.  3.  5.  2.]  --  Cost: 83997.09234552548
Ant 15
Route order: [ 0.  7. 11. 14.  4.  1.  9.  6.  8. 10.  3.  5.  2. 13. 12.]  --  Cost: 91658.37752315226
Ant 16
Route order: [ 0.  7. 11.  5.  3. 12. 14.  4.  1.  9.  6.  8. 10. 13.  2.]  --  Cost: 96108.78796336552
Ant 17
Route order: [ 0.  7. 11. 14.  4.  1.  9.  6.  8. 10.  5.  3. 12. 13.  2.]  --  Cost: 92536.6591901429
Ant 18
Route order: [ 0.  7. 11.  5.  3.  2. 12.  4. 14. 13.  1.  9.  6.  8. 10.]  --  Cost: 87438.79455075516
Ant 19
Route order: [ 0.  7. 11.  5.  3. 12. 13.  4. 14.  1.  9.  6.  8. 10.  2.]  --  Cost: 93650.05312479346
Ant 20
Route order: [ 0.  7. 11.  5.  3. 12. 13. 14.  4.  1.  9.  6.  8. 10.  2.]  --  Cost: 92911.45955517897
Ant 21
Route order: [ 0.  7. 11.  5.  3. 12. 13. 14.  4.  1.  9.  6.  8. 10.  2.]  --  Cost: 92911.45955517897
Ant 22
Route order: [ 0.  7. 11.  5.  3. 12. 13.  4. 14.  1.  9.  6.  8. 10.  2.]  --  Cost: 93650.05312479346
Ant 23
Route order: [ 0.  7. 11.  5.  3. 12. 13.  4. 14.  1.  9.  6.  8. 10.  2.]  --  Cost: 93650.05312479346
Ant 24
Route order: [ 0.  7. 11.  5.  3. 12. 13.  4. 14.  1.  9.  6.  8. 10.  2.]  --  Cost: 93650.05312479346
Ant 25
Route order: [ 0.  7. 11.  5.  3. 12. 13.  4. 14.  1.  9.  6.  8. 10.  2.]  --  Cost: 93650.05312479346
Ant 26
Route order: [ 0.  7. 11.  5.  3. 12. 13.  4. 14.  1.  9.  6.  8. 10.  2.]  --  Cost: 93650.05312479346
Ant 27
Route order: [ 0.  7. 14.  4.  1.  9.  6.  8. 10. 11.  5.  3. 12. 13.  2.]  --  Cost: 88268.41785647269
Ant 28
Route order: [ 0.  7. 11.  5.  3. 12. 13.  4. 14.  1.  9.  6.  8. 10.  2.]  --  Cost: 93650.05312479346
Ant 29
Route order: [ 0.  7. 11.  5.  3. 12. 13. 14.  4.  1.  9.  6.  8. 10.  2.]  --  Cost: 92911.45955517897
Ant 30
Route order: [ 0.  7. 11.  5.  3. 12. 13.  4. 14.  1.  9.  6.  8. 10.  2.]  --  Cost: 93650.05312479346
Ant 31
Route order: [ 0.  7. 11.  5.  3. 12. 13.  4. 14.  1.  9.  6.  8. 10.  2.]  --  Cost: 93650.05312479346
Ant 32
Route order: [ 0.  7. 11.  5.  3. 12. 13.  4. 14.  1.  9.  6.  8. 10.  2.]  --  Cost: 93650.05312479346
Ant 33
Route order: [ 0.  7. 11.  5.  3. 12. 13.  4. 14.  1.  9.  6.  8. 10.  2.]  --  Cost: 93650.05312479346
Ant 34
Route order: [ 0.  7. 11.  5.  3. 12. 13.  4. 14.  1.  9.  6.  8. 10.  2.]  --  Cost: 93650.05312479346
Ant 35
Route order: [ 0.  7. 11.  5.  3. 12. 13.  4. 14.  1.  9.  6.  8. 10.  2.]  --  Cost: 93650.05312479346
Ant 36
Route order: [ 0.  7. 11.  5.  3. 12. 13.  4. 14.  1.  9.  6.  8. 10.  2.]  --  Cost: 93650.05312479346
....
Ant 0
Route order: [ 0. 14.  4.  1.  9. 11.  7. 12. 13.  8. 10.  6.  5.  3.  2.]  --  Cost: 99561.48992441606
Ant 1
Route order: [ 0. 14.  4. 13. 12.  7.  1.  9. 10.  8.  6. 11.  5.  3.  2.]  --  Cost: 90821.49552850873
Ant 2
Route order: [ 0. 14.  4.  1.  9.  7. 12. 13. 10.  8.  6. 11.  5.  3.  2.]  --  Cost: 94214.1548863251
Ant 3
Route order: [ 0. 12.  1.  9.  6.  8. 10. 11.  5.  3.  7. 14.  4. 13.  2.]  --  Cost: 91519.6810481264
Ant 4
Route order: [ 0. 14.  4.  1.  9. 11.  7. 12. 13.  6.  8. 10.  5.  3.  2.]  --  Cost: 90304.74352467098
Ant 5
Route order: [ 0. 14.  4.  1.  9.  7. 12. 13.  3.  5. 11. 10.  8.  6.  2.]  --  Cost: 100048.71706329065
Ant 6
Route order: [ 0. 14.  4.  5.  3.  2.  7. 12. 13.  1.  9. 11. 10.  8.  6.]  --  Cost: 94944.69748975865
Ant 7
Route order: [ 0. 14.  4.  1.  9. 11.  7. 12. 13.  6.  8. 10.  5.  3.  2.]  --  Cost: 90304.74352467098
Ant 8
Route order: [ 0. 14.  4.  1.  9.  7. 12. 13. 11.  6.  8. 10.  5.  3.  2.]  --  Cost: 92573.08646358748
Ant 9
Route order: [ 0. 12. 13.  4. 14.  1.  9.  7.  5.  3.  2. 11. 10.  8.  6.]  --  Cost: 91573.72860957071
Ant 10
Route order: [ 0.  7. 12. 13. 14.  4.  1.  9.  6.  8. 10. 11.  5.  3.  2.]  --  Cost: 81866.07785144955
Ant 11
Route order: [ 0. 14.  4.  1.  9.  7. 12. 13.  6.  8. 10. 11.  5.  3.  2.]  --  Cost: 88357.17543831313
Ant 12
Route order: [ 0. 14.  4.  1.  9. 11.  7. 12. 13.  6.  8. 10.  2.  3.  5.]  --  Cost: 95765.20871263048
Ant 13
Route order: [ 0. 14.  4.  1.  9.  7. 12. 13.  6.  8. 10. 11.  5.  3.  2.]  --  Cost: 88357.17543831313
Ant 14
Route order: [ 0. 14.  4.  1.  9. 11.  7. 12. 13.  6.  8. 10.  5.  3.  2.]  --  Cost: 90304.74352467098
Ant 15
Route order: [ 0. 14.  4.  1.  9.  7. 12. 13.  6.  8. 10. 11.  5.  3.  2.]  --  Cost: 88357.17543831313
Ant 16
Route order: [ 0. 14.  4.  1.  9.  7. 12. 13.  6.  8. 10. 11.  5.  3.  2.]  --  Cost: 88357.17543831313
Ant 17
Route order: [ 0. 12. 13. 14.  4.  1.  9. 11.  7.  8. 10.  5.  3.  2.  6.]  --  Cost: 101236.67622434185
Ant 18
Route order: [ 0. 14.  4.  1.  9. 11.  5.  3.  2.  7. 12. 13.  6.  8. 10.]  --  Cost: 95198.8871894248
Ant 19
Route order: [ 0. 14.  4.  1.  9.  7. 12. 13.  6.  8. 10. 11.  5.  3.  2.]  --  Cost: 88357.17543831313
Ant 20
Route order: [ 0. 14.  4.  1.  9.  7. 10.  8.  6. 11.  5.  3.  2. 12. 13.]  --  Cost: 88272.99192609328
Ant 21
Route order: [ 0. 14.  4.  1.  9.  7. 12. 13.  6.  8. 10. 11.  5.  3.  2.]  --  Cost: 88357.17543831313
Ant 22
Route order: [ 0. 14.  4.  1.  9.  7. 12. 13.  6.  8. 10. 11.  5.  3.  2.]  --  Cost: 88357.17543831313
Ant 23
Route order: [ 0. 14.  4.  1.  9.  7. 12. 13.  6.  8. 10. 11.  5.  3.  2.]  --  Cost: 88357.17543831313
Ant 24
Route order: [ 0. 14.  4.  1.  9.  7. 12. 13.  6.  8. 10. 11.  5.  3.  2.]  --  Cost: 88357.17543831313
Ant 25
Route order: [ 0. 14.  4.  1.  9.  7. 12. 13.  6.  8. 10. 11.  5.  3.  2.]  --  Cost: 88357.17543831313
Ant 26
Route order: [ 0. 14.  4.  1.  9.  7. 12. 13.  6.  8. 10. 11.  5.  3.  2.]  --  Cost: 88357.17543831313
Ant 27
Route order: [ 0. 14.  4.  1.  9.  7. 12. 13.  6.  8. 10. 11.  5.  3.  2.]  --  Cost: 88357.17543831313
....
Ant 0
Route order: [ 0. 14.  4. 13. 12.  7. 11. 10.  8.  9.  1.  6.  2.  3.  5.]  --  Cost: 96521.85038396074
Ant 1
Route order: [ 0. 12.  7. 11. 10.  8.  6.  9. 14.  4.  1. 13.  5.  3.  2.]  --  Cost: 87790.16981064502
Ant 2
Route order: [ 0. 14.  4.  1.  9. 11.  7.  3.  5. 10.  8.  6.  2. 12. 13.]  --  Cost: 97601.25655424595
Ant 3
Route order: [ 0. 14.  4.  1.  9.  7. 11. 10.  8.  6. 13. 12.  3.  5.  2.]  --  Cost: 90488.18993238907
Ant 4
Route order: [ 0. 14.  4.  1.  9.  7. 11. 10.  8.  6.  5.  3.  2. 12. 13.]  --  Cost: 88187.52191497938
Ant 5
Route order: [ 0. 14.  4.  1.  9.  7. 11. 10.  8.  6.  5.  3.  2. 12. 13.]  --  Cost: 88187.52191497938
Ant 6
Route order: [ 0. 14.  4.  1.  9. 13. 12.  7. 11. 10.  8.  6.  5.  3.  2.]  --  Cost: 91333.15876714003
Ant 7
Route order: [ 0. 14.  4.  1.  9. 13. 12.  7. 11.  8. 10.  6.  5.  3.  2.]  --  Cost: 93237.95260688415
Ant 8
Route order: [ 0. 14.  4.  1.  9.  7. 11. 10.  8.  6.  5.  3.  2. 12. 13.]  --  Cost: 88187.52191497938
Ant 9
Route order: [ 0. 14.  4.  1.  9. 13. 12.  7. 11. 10.  8.  6.  5.  3.  2.]  --  Cost: 91333.15876714003
Ant 10
Route order: [ 0. 14.  4.  1.  9.  7. 11. 10.  8.  6.  5.  3.  2. 12. 13.]  --  Cost: 88187.52191497938
Ant 11
Route order: [ 0. 14.  4.  1.  9.  7. 11. 10.  8.  6.  5.  3.  2. 12. 13.]  --  Cost: 88187.52191497938
Ant 12
Route order: [ 0. 14.  4.  1.  9.  7. 11. 10.  8.  6.  5.  3. 12. 13.  2.]  --  Cost: 96256.94950341532
Ant 13
Route order: [ 0. 14.  4.  1.  9.  7. 11. 10.  8.  6. 13. 12.  3.  5.  2.]  --  Cost: 90488.18993238907
Ant 14
Route order: [ 0. 14.  4.  1.  9.  7. 11. 10.  8.  6. 12. 13.  5.  3.  2.]  --  Cost: 93778.49399684631
Ant 15
Route order: [ 0. 14.  4.  1.  9. 12.  7. 11. 10.  8.  6.  5.  3.  2. 13.]  --  Cost: 93292.5366783991
Ant 16
Route order: [ 0. 14.  4.  1.  9.  7. 11. 10.  8.  6.  5.  3.  2. 12. 13.]  --  Cost: 88187.52191497938
Ant 17
Route order: [ 0. 14.  4.  1.  9.  7. 11. 10.  8.  6.  5.  3.  2. 12. 13.]  --  Cost: 88187.52191497938
Ant 18
Route order: [ 0. 14.  4.  1.  9.  7. 11. 10.  8.  6.  5.  3.  2. 12. 13.]  --  Cost: 88187.52191497938
Ant 19
Route order: [ 0. 14.  4.  1.  9.  7. 11. 10.  8.  6.  5.  3.  2. 12. 13.]  --  Cost: 88187.52191497938
Ant 20
Route order: [ 0. 14.  4.  1.  9.  7. 11. 10.  8.  6.  5.  3.  2. 12. 13.]  --  Cost: 88187.52191497938
Ant 21
Route order: [ 0. 14.  4.  1.  9.  7. 11. 10.  8.  6.  5.  3. 12. 13.  2.]  --  Cost: 96256.94950341532
Ant 22
Route order: [ 0. 14.  4.  1.  9.  7. 11. 10.  8.  6.  5.  3.  2. 12. 13.]  --  Cost: 88187.52191497938
Ant 23
Route order: [ 0. 14.  4.  1.  9.  7. 11. 10.  8.  6.  5.  3.  2. 12. 13.]  --  Cost: 88187.52191497938
Ant 24
Route order: [ 0. 14.  4.  1.  9.  7. 11. 10.  8.  6.  5.  3.  2. 12. 13.]  --  Cost: 88187.52191497938
Ant 25
Route order: [ 0. 14.  4.  1.  9.  7. 11. 10.  8.  6.  5.  3.  2. 12. 13.]  --  Cost: 88187.52191497938
Ant 26
Route order: [ 0. 14.  4.  1.  9.  7. 11. 10.  8.  6.  5.  3.  2. 12. 13.]  --  Cost: 88187.52191497938
Ant 27
Route order: [ 0. 14.  4.  1.  9.  7. 11. 10.  8.  6.  5.  3.  2. 12. 13.]  --  Cost: 88187.52191497938
Ant 28
Route order: [ 0. 14.  4.  1.  9.  7. 11. 10.  8.  6.  5.  3.  2. 12. 13.]  --  Cost: 88187.52191497938
