BETA = 5 #BETA is a parameter which weighs the relative importance of pheromone trail and of closeness
K= 50 #K is the number of ants
Q0= 0.3 #Q0 is a constant for defining the probability to take the best road or explore new one according to probability distribution
ALPHA= 0.1
N_MAX_CASES= 7 #When N_MAX_CASES ants converge into the same cost it is considered as a final optimal solution
ITERATIONS = 20
Increase q0 always
Ant 0
Route order: [ 0. 12. 13. 14.  4.  1.  7. 11.  9.  6.  8. 10.  5.  3.  2.]  --  Cost: 86472.20859727814
Ant 1
Route order: [ 0. 12. 13. 14.  4.  1.  9.  7. 11.  8. 10.  5.  3.  2.  6.]  --  Cost: 97478.34218918832
Ant 2
Route order: [ 0. 12. 13. 14.  4.  1.  9.  7. 11. 10.  8.  6.  5.  3.  2.]  --  Cost: 88882.69795334444
Ant 3
Route order: [ 0. 12. 13. 14.  4.  1.  9.  7. 11.  5.  3.  2. 10.  8.  6.]  --  Cost: 93318.15234877309
Ant 4
Route order: [ 0. 12. 13. 14.  4.  1.  9.  7. 11. 10.  8.  6.  3.  5.  2.]  --  Cost: 92800.33212490813
Ant 5
Route order: [ 0. 12. 13. 14.  4.  1.  9.  7. 11. 10.  8.  6.  5.  3.  2.]  --  Cost: 88882.69795334444
Ant 6
Route order: [ 0. 12. 13. 14.  4.  1.  9.  7. 11.  5.  3.  2. 10.  8.  6.]  --  Cost: 93318.15234877309
Ant 7
Route order: [ 0. 12. 13. 14.  4.  1.  9.  7. 11. 10.  8.  6.  3.  5.  2.]  --  Cost: 92800.33212490813
Ant 8
Route order: [ 0. 12. 13. 14.  4.  1.  9.  7. 11. 10.  8.  6.  3.  5.  2.]  --  Cost: 92800.33212490813
Ant 9
Route order: [ 0. 12. 13. 14.  4.  1.  9.  7. 11. 10.  8.  6.  5.  3.  2.]  --  Cost: 88882.69795334444
Ant 10
Route order: [ 0. 12. 13. 14.  4.  1.  9.  7. 11. 10.  8.  6.  5.  3.  2.]  --  Cost: 88882.69795334444
Ant 11
Route order: [ 0. 12. 13. 14.  4.  1.  9.  7. 11. 10.  8.  6.  5.  3.  2.]  --  Cost: 88882.69795334444
Ant 12
Route order: [ 0. 12. 13. 14.  4.  1.  9.  7. 11. 10.  8.  6.  5.  3.  2.]  --  Cost: 88882.69795334444
Ant 13
Route order: [ 0. 12. 13. 14.  4.  1.  9.  7. 11. 10.  8.  6.  5.  3.  2.]  --  Cost: 88882.69795334444
Ant 14
Route order: [ 0. 12. 13. 14.  4.  1.  9.  7. 11. 10.  8.  6.  5.  3.  2.]  --  Cost: 88882.69795334444
Ant 15
Route order: [ 0. 12. 13. 14.  4.  1.  9.  7. 11. 10.  8.  6.  5.  3.  2.]  --  Cost: 88882.69795334444
....
Ant 0
Route order: [ 0. 14.  4.  1.  9. 13. 12.  3.  5. 11.  8. 10.  6.  7.  2.]  --  Cost: 96983.88594651464
Ant 1
Route order: [ 0. 14.  4.  1.  9. 13. 12.  7. 11.  5.  3. 10.  8.  6.  2.]  --  Cost: 102986.26100269743
Ant 2
Route order: [ 0. 12. 14.  4.  1.  9. 13.  7. 11. 10.  8.  6.  3.  5.  2.]  --  Cost: 95996.81348379602
Ant 3
Route order: [ 0. 14.  4.  1. 13. 12.  7. 11.  9.  6.  8. 10.  5.  3.  2.]  --  Cost: 86674.60686595275
Ant 4
Route order: [ 0. 12. 13.  4. 14.  7. 11.  5.  3.  1.  9.  6.  8. 10.  2.]  --  Cost: 98379.54303077847
Ant 5
Route order: [ 0. 12. 13.  4. 14.  1.  9.  7. 11.  8. 10.  6.  5.  3.  2.]  --  Cost: 91526.08536270304
Ant 6
Route order: [ 0. 12. 13. 14.  4.  1.  9.  7. 11. 10.  8.  6.  5.  3.  2.]  --  Cost: 88882.69795334444
Ant 7
Route order: [ 0. 12.  7. 11. 14.  4.  1.  9. 13.  5.  3.  2.  8. 10.  6.]  --  Cost: 103730.70604219777
Ant 8
Route order: [ 0. 12. 13.  4. 14.  1.  9.  7. 11.  5.  3.  2.  8. 10.  6.]  --  Cost: 96258.89132936909
Ant 9
Route order: [ 0. 12. 13.  4. 14.  1.  9.  7. 11.  5.  3.  2.  8. 10.  6.]  --  Cost: 96258.89132936909
Ant 10
Route order: [ 0. 12. 13.  4. 14.  7. 11.  5.  3.  2.  1.  9.  6.  8. 10.]  --  Cost: 91178.76177761408
Ant 11
Route order: [ 0. 12. 13.  4. 14.  7. 11.  5.  3.  2.  8. 10.  6.  9.  1.]  --  Cost: 91625.42056075812
Ant 12
Route order: [ 0. 12. 13.  4. 14.  1.  9.  7. 11.  5.  3.  2.  8. 10.  6.]  --  Cost: 96258.89132936909
Ant 13
Route order: [ 0. 12. 13.  4. 14.  7. 11.  5.  3.  2.  8. 10.  6.  9.  1.]  --  Cost: 91625.42056075812
Ant 14
Route order: [ 0. 12. 13.  4. 14.  7. 11.  5.  3.  2.  1.  9.  6.  8. 10.]  --  Cost: 91178.76177761408
Ant 15
Route order: [ 0. 12. 13.  4. 14.  7. 11.  5.  3.  2.  8. 10.  6.  1.  9.]  --  Cost: 93392.168247879
Ant 16
Route order: [ 0. 12. 13.  4. 14.  7. 11.  5.  3.  2.  8. 10.  6.  9.  1.]  --  Cost: 91625.42056075812
Ant 17
Route order: [ 0. 12. 13.  4. 14.  7. 11.  5.  3.  2.  8. 10.  6.  9.  1.]  --  Cost: 91625.42056075812
Ant 18
Route order: [ 0. 12. 13.  4. 14.  7. 11.  5.  3.  2.  8. 10.  6.  9.  1.]  --  Cost: 91625.42056075812
Ant 19
Route order: [ 0. 12. 13.  4. 14.  7. 11.  5.  3.  2.  8. 10.  6.  9.  1.]  --  Cost: 91625.42056075812
Ant 20
Route order: [ 0. 12. 13.  4. 14.  7. 11.  5.  3.  2.  8. 10.  6.  9.  1.]  --  Cost: 91625.42056075812
Ant 21
Route order: [ 0. 12. 13.  4. 14.  7. 11.  5.  3.  2.  8. 10.  6.  9.  1.]  --  Cost: 91625.42056075812
Ant 22
Route order: [ 0. 12. 13.  4. 14.  7. 11.  5.  3.  2.  8. 10.  6.  9.  1.]  --  Cost: 91625.42056075812
....
Ant 0
Route order: [ 0. 12. 13. 14.  4.  1.  9.  7. 11.  5.  3. 10.  8.  6.  2.]  --  Cost: 100535.8001889018
Ant 1
Route order: [ 0. 12. 13. 14.  4.  1.  9. 11.  7.  6.  8. 10.  5.  3.  2.]  --  Cost: 88414.33775573567
Ant 2
Route order: [ 0. 12. 13. 14.  4.  1.  9. 11.  5.  3. 10.  8.  6.  7.  2.]  --  Cost: 98238.10265555276
Ant 3
Route order: [ 0. 12.  7. 11.  5.  3. 10.  8.  6.  9.  1.  4. 14. 13.  2.]  --  Cost: 92901.24578823693
Ant 4
Route order: [ 0. 12. 14.  4.  1.  9.  7. 13.  3.  5. 11. 10.  8.  6.  2.]  --  Cost: 100794.73760838291
Ant 5
Route order: [ 0.  7. 11.  5.  3. 10.  8.  6.  9.  1.  4. 14. 13. 12.  2.]  --  Cost: 90260.07732049475
Ant 6
Route order: [ 0. 12. 13. 14.  4.  1.  9.  7. 11.  5.  3. 10.  8.  6.  2.]  --  Cost: 100535.8001889018
Ant 7
Route order: [ 0. 12. 13. 14.  4.  1.  9.  7. 11.  5.  3. 10.  8.  6.  2.]  --  Cost: 100535.8001889018
Ant 8
Route order: [ 0. 12. 13. 14.  4.  1.  9. 11.  5.  3.  7. 10.  8.  6.  2.]  --  Cost: 100168.65822486769
Ant 9
Route order: [ 0. 12. 13. 14.  4.  1.  9. 11.  5.  3.  7. 10.  8.  6.  2.]  --  Cost: 100168.65822486769
Ant 10
Route order: [ 0. 12. 13. 14.  4.  1.  9.  7. 11.  5.  3. 10.  8.  6.  2.]  --  Cost: 100535.8001889018
Ant 11
Route order: [ 0. 12. 13. 14.  4.  1.  9.  7. 11.  5.  3. 10.  8.  6.  2.]  --  Cost: 100535.8001889018
Ant 12
Route order: [ 0. 12. 13. 14.  4.  1.  9. 11.  5.  3. 10.  8.  6.  7.  2.]  --  Cost: 98238.10265555276
Ant 13
Route order: [ 0. 12. 13. 14.  4.  1.  9.  7. 11.  5.  3. 10.  8.  6.  2.]  --  Cost: 100535.8001889018
Ant 14
Route order: [ 0. 12. 13. 14.  4.  1.  9.  7. 11.  5.  3. 10.  8.  6.  2.]  --  Cost: 100535.8001889018
Ant 15
Route order: [ 0. 12. 13. 14.  4.  1.  9.  7. 11.  5.  3.  2.  6.  8. 10.]  --  Cost: 95606.17895383856
Ant 16
Route order: [ 0. 12. 13. 14.  4.  1.  9.  7. 11.  5.  3. 10.  8.  6.  2.]  --  Cost: 100535.8001889018
Ant 17
Route order: [ 0. 12. 13. 14.  4.  1.  9.  7. 11.  5.  3. 10.  8.  6.  2.]  --  Cost: 100535.8001889018
Ant 18
Route order: [ 0. 12. 13. 14.  4.  1.  9.  7. 11.  5.  3. 10.  8.  6.  2.]  --  Cost: 100535.8001889018
Ant 19
Route order: [ 0. 12. 13. 14.  4.  1.  9.  7. 11.  5.  3. 10.  8.  6.  2.]  --  Cost: 100535.8001889018
Ant 20
Route order: [ 0. 12. 13. 14.  4.  1.  9.  7. 11.  5.  3. 10.  8.  6.  2.]  --  Cost: 100535.8001889018
Ant 21
Route order: [ 0. 12. 13. 14.  4.  1.  9.  7. 11.  5.  3. 10.  8.  6.  2.]  --  Cost: 100535.8001889018
Ant 22
Route order: [ 0. 12. 13. 14.  4.  1.  9.  7. 11.  5.  3. 10.  8.  6.  2.]  --  Cost: 100535.8001889018
....
Ant 0
Route order: [ 0.  7. 14.  4. 13. 12.  3.  5. 11.  1.  9.  6.  8. 10.  2.]  --  Cost: 96782.48677773963
Ant 1
Route order: [ 0.  7. 14.  4. 13. 12.  3.  5. 11.  9.  1.  6. 10.  8.  2.]  --  Cost: 98382.44793691233
Ant 2
Route order: [ 0. 13. 14.  4.  1.  9.  7. 11. 10.  8.  6. 12.  3.  5.  2.]  --  Cost: 92283.93754513611
Ant 3
Route order: [ 0. 12. 14.  4. 13.  1.  9.  7. 11. 10.  8.  6.  3.  5.  2.]  --  Cost: 94285.81584356437
Ant 4
Route order: [ 0. 14.  4. 13. 12.  7. 11.  5.  3.  2.  1.  9.  6.  8. 10.]  --  Cost: 92150.67332266182
Ant 5
Route order: [ 0.  7. 14.  4.  1.  9. 11. 10.  8.  6. 13. 12.  3.  5.  2.]  --  Cost: 90261.89312727397
Ant 6
Route order: [ 0. 14.  4. 13. 12.  3.  5. 11. 10.  8.  6.  9.  1.  7.  2.]  --  Cost: 90762.73226373189
Ant 7
Route order: [ 0.  7. 14.  4. 13. 12.  3.  5. 11. 10.  8.  6.  9.  1.  2.]  --  Cost: 91244.52639003214
Ant 8
Route order: [ 0.  7. 14.  4. 13. 12.  3.  5. 11. 10.  8.  6.  9.  1.  2.]  --  Cost: 91244.52639003214
Ant 9
Route order: [ 0.  7. 14.  4. 13. 12.  1.  9.  6.  8. 10. 11.  3.  5.  2.]  --  Cost: 89441.5446799337
Ant 10
Route order: [ 0.  7. 14.  4. 13. 12.  3.  5. 11. 10.  8.  6.  9.  1.  2.]  --  Cost: 91244.52639003214
Ant 11
Route order: [ 0.  7. 14.  4. 13. 12.  3.  5. 11. 10.  8.  6.  9.  1.  2.]  --  Cost: 91244.52639003214
Ant 12
Route order: [ 0.  7. 14.  4. 13. 12.  3.  5. 11. 10.  8.  6.  9.  1.  2.]  --  Cost: 91244.52639003214
Ant 13
Route order: [ 0.  7. 14.  4. 13. 12.  3.  5. 11. 10.  8.  6.  9.  1.  2.]  --  Cost: 91244.52639003214
Ant 14
Route order: [ 0.  7. 14.  4. 13. 12.  3.  5. 11. 10.  8.  6.  9.  1.  2.]  --  Cost: 91244.52639003214
Ant 15
Route order: [ 0.  7. 14.  4. 13. 12.  3.  5. 11. 10.  8.  6.  9.  1.  2.]  --  Cost: 91244.52639003214
Ant 16
Route order: [ 0.  7. 14.  4. 13. 12.  3.  5. 11. 10.  8.  6.  9.  1.  2.]  --  Cost: 91244.52639003214
