BETA = 3 #BETA is a parameter which weighs the relative importance of closeness
K= 20 #K is the number of ants
Q0= 0.3 #Q0 is a constant for defining the probability to take the best road or explore new one according to probability distribution
ALPHA= 0.1 
N_MAX_CASES= 4 #When N_MAX_CASES ants converge into the same cost it is considered as a final optimal solution
ITERATIONS = 1200
Global evaporation /2
Ant 0
Route order: [ 0. 14.  4.  1.  9.  7. 12. 13.  3.  5.  0. 11. 10.  8.  6.]  --  Cost: 69675.73471685627
Ant 1
Route order: [ 0. 12. 13. 14.  4.  1.  9.  7. 11. 10.  8.  6.  5.  3.  2.]  --  Cost: 88882.69795334444
Ant 2
Route order: [ 0. 12. 13.  4. 14.  1.  9.  6. 10.  8. 11.  7.  5.  3.  2.]  --  Cost: 84252.17863273181
Ant 3
Route order: [ 0. 12. 13. 14.  4.  1.  9.  6. 10.  8.  7. 11.  5.  3.  2.]  --  Cost: 86783.59098641452
Ant 4
Route order: [ 0. 12. 13.  4. 14.  7. 11.  9.  1.  6.  8. 10.  5.  3.  2.]  --  Cost: 86336.87416862659
Ant 5
Route order: [ 0. 12. 13. 14.  4.  7. 11. 10.  8.  6.  9.  1.  5.  3.  2.]  --  Cost: 87516.0586255065
Ant 6
Route order: [ 0. 12.  7. 11.  5.  3.  2. 10.  8.  6.  9.  1.  4. 14. 13.]  --  Cost: 87483.20043448523
Ant 7
Route order: [ 0. 12. 13.  4. 14.  9.  1.  6. 10.  8. 11.  7.  5.  3.  2.]  --  Cost: 86406.28484358406
Ant 8
Route order: [ 0. 12. 13. 14.  4.  1.  7. 11.  9.  6.  8. 10.  5.  3.  2.]  --  Cost: 86472.20859727814
Ant 9
Route order: [ 0.  7.  5.  3.  2.  9. 11. 10.  8.  6.  1.  4. 14. 13. 12.]  --  Cost: 88331.78781298907
Ant 10
Route order: [ 0. 12. 13. 14.  4.  1.  9.  6. 10.  8. 11.  7.  5.  3.  2.]  --  Cost: 83513.5850631173
Ant 11
Route order: [ 0. 12. 13. 14.  4.  1.  9.  6. 10.  8. 11.  7.  5.  3.  2.]  --  Cost: 83513.5850631173
Ant 12
Route order: [ 0. 12. 13. 14.  4.  1.  9.  7. 11. 10.  8.  6.  5.  3.  2.]  --  Cost: 88882.69795334444
Ant 13
Route order: [ 0. 14.  4.  1.  9.  7. 11. 10.  8.  6.  3.  5.  2. 12. 13.]  --  Cost: 92105.15608654311
Ant 14
Route order: [ 0. 12. 13. 14.  4.  1.  9.  7. 11. 10.  8.  6.  5.  3.  2.]  --  Cost: 88882.69795334444
Ant 15
Route order: [ 0. 13. 14.  4.  1.  9.  7. 11. 10.  8.  6.  5.  3.  2. 12.]  --  Cost: 86984.58167905067
Ant 16
Route order: [ 0. 12. 13.  4. 14.  7. 11. 10.  8.  6.  9.  1.  5.  3.  2.]  --  Cost: 86908.15202628876
Ant 17
Route order: [ 0. 12.  7. 11. 10.  8.  6.  9.  1.  4. 14. 13.  3.  5.  2.]  --  Cost: 87170.9256066308
Ant 18
Route order: [ 0. 12. 13. 14.  4.  1.  9.  6.  7. 10.  8. 11.  5.  3.  2.]  --  Cost: 89738.70113097213
Ant 19
Route order: [ 0. 12.  7. 11. 10.  8.  6.  9.  1.  4. 14. 13.  2.  3.  5.]  --  Cost: 83654.42599624702
---
Global evaporation Normal 

Ant 0
Route order: [ 0. 12. 13. 14.  4.  1.  7. 11.  9.  6.  8. 10.  5.  3.  2.]  --  Cost: 86472.20859727814
Ant 1
Route order: [ 0. 12. 13.  4. 14.  7. 11. 10.  8.  6.  9.  1.  5.  3.  2.]  --  Cost: 86908.15202628876
Ant 2
Route order: [ 0. 12. 13.  4. 14.  7. 11.  9.  1.  6.  8. 10.  5.  3.  2.]  --  Cost: 86336.87416862659
Ant 3
Route order: [ 0. 13. 12. 14.  4.  1.  9.  6.  8. 10. 11.  7.  5.  3.  2.]  --  Cost: 83805.90467311986
Ant 4
Route order: [ 0. 12. 13.  4. 14. 11.  7.  1.  9.  6.  8. 10.  5.  3.  2.]  --  Cost: 87897.20042875726
Ant 5
Route order: [ 0. 12. 13.  4. 14.  7. 11.  5.  3.  2. 10.  8.  6.  9.  1.]  --  Cost: 89423.27514977663
Ant 6
Route order: [ 0. 12. 13.  4. 14.  7. 11.  9.  1.  6.  8. 10.  5.  3.  2.]  --  Cost: 86336.87416862659
Ant 7
Route order: [ 0. 14.  4. 13. 12.  7.  9.  1.  6.  8. 10. 11.  5.  3.  2.]  --  Cost: 85361.21762731651
Ant 8
Route order: [ 0. 12. 13.  4. 14.  1.  9.  6.  8. 10. 11.  7.  3.  5.  2.]  --  Cost: 85412.60685513652
Ant 9
Route order: [ 0. 12. 13. 14.  4.  1.  9.  6.  8. 10.  5.  3.  2.  7. 11.]  --  Cost: 86095.36298434985
Ant 10
Route order: [ 0. 12. 13.  4. 14.  7. 11.  9.  1.  6.  8. 10.  5.  3.  2.]  --  Cost: 86336.87416862659
Ant 11
Route order: [ 0. 12. 13.  4. 14.  7.  9.  1.  6.  8. 10. 11.  5.  3.  2.]  --  Cost: 84389.30608226877
Ant 12
Route order: [ 0. 12. 13.  4. 14.  7.  9.  1.  6.  8. 10. 11.  5.  3.  2.]  --  Cost: 84389.30608226877
Ant 13
Route order: [ 0. 12. 13.  4. 14.  7. 11.  9.  1.  6.  8. 10.  5.  3.  2.]  --  Cost: 86336.87416862659
Ant 14
Route order: [ 0. 12. 13.  4. 14.  7. 11.  5.  3.  2. 10.  8.  6.  9.  1.]  --  Cost: 89423.27514977663
Ant 15
Route order: [ 0. 12. 13. 14.  4.  1.  9.  7. 11. 10.  8.  6.  5.  3.  2.]  --  Cost: 88882.69795334444
Ant 16
Route order: [ 0. 12. 13.  4. 14.  7. 11.  9.  1.  6.  8. 10.  5.  3.  2.]  --  Cost: 86336.87416862659
Ant 17
Route order: [ 0. 12. 13. 14.  4.  1.  9.  6.  8. 10. 11.  7.  3.  5.  2.]  --  Cost: 84674.01328552203
Ant 18
Route order: [ 0. 12. 13.  4. 14.  7. 11. 10.  8.  6.  9.  1.  5.  3.  2.]  --  Cost: 86908.15202628876
Ant 19
Route order: [ 0. 12. 13. 14.  4.  1.  9.  6.  8. 10. 11.  7.  3.  5.  2.]  --  Cost: 84674.01328552203

---

Ant 0
Route order: [ 0. 12. 13. 14.  4.  1.  9.  6. 10.  8. 11.  7.  5.  3.  2.]  --  Cost: 83513.5850631173
Ant 1
Route order: [ 0. 12. 13. 14.  4.  1.  9.  6. 10.  8. 11.  7.  3.  5.  2.]  --  Cost: 86578.80712526612
Ant 2
Route order: [ 0.  4. 14. 13.  1.  9.  6. 10.  8. 11.  7.  5.  3. 12.  2.]  --  Cost: 89507.50158641301
Ant 3
Route order: [ 0.  7. 12. 13. 14.  4.  1.  9.  6. 10.  8. 11.  5.  3.  2.]  --  Cost: 83770.87169119364
Ant 4
Route order: [ 0. 12. 13.  4. 14.  1.  9. 11. 10.  8.  6.  7.  5.  3.  2.]  --  Cost: 87693.69135084865
Ant 5
Route order: [ 0.  7. 11. 10.  8.  6. 13.  4.  1.  9. 14. 12.  5.  3.  2.]  --  Cost: 90020.613689021
Ant 6
Route order: [ 0. 12. 13. 14.  4.  1.  9.  6. 10.  8. 11.  7.  5.  3.  2.]  --  Cost: 83513.5850631173
Ant 7
Route order: [ 0. 12. 13. 14.  4.  1.  9.  7. 11. 10.  8.  6.  5.  3.  2.]  --  Cost: 88882.69795334444
Ant 8
Route order: [ 0. 12. 13. 14.  4.  1.  9.  7.  6.  8. 10. 11.  5.  3.  2.]  --  Cost: 86466.76966937786
Ant 9
Route order: [ 0. 12.  7. 11. 10.  8.  6.  9.  1.  4. 14. 13.  3.  5.  2.]  --  Cost: 87170.9256066308
Ant 10
Route order: [ 0. 12. 13. 14.  4.  1.  9.  6. 10.  8. 11.  7.  5.  3.  2.]  --  Cost: 83513.5850631173
Ant 11
Route order: [ 0. 12. 13.  4. 14.  1.  9.  6. 10.  8. 11.  7.  3.  5.  2.]  --  Cost: 87317.40069488063
Ant 12
Route order: [ 0. 12. 13. 14.  4.  1.  9.  6. 10.  8. 11.  7.  5.  3.  2.]  --  Cost: 83513.5850631173
Ant 13
Route order: [ 0. 12. 13. 14.  4.  1.  9.  6. 10.  8. 11.  7.  5.  3.  2.]  --  Cost: 83513.5850631173
Ant 14
Route order: [ 0. 12. 13. 14.  4.  1.  9.  6. 10.  8. 11.  7.  5.  3.  2.]  --  Cost: 83513.5850631173
Ant 15
Route order: [ 0. 12. 13. 14.  4.  1.  9.  7. 11. 10.  8.  6.  5.  3.  2.]  --  Cost: 88882.69795334444
Ant 16
Route order: [ 0. 12. 13. 14.  4.  1.  9.  7. 11.  8. 10.  6.  2.  3.  5.]  --  Cost: 93193.774236656
Ant 17
Route order: [ 0. 12. 13. 14.  4.  1.  9.  6. 10.  8. 11.  5.  3.  2.  7.]  --  Cost: 83261.53387750412
Ant 18
Route order: [ 0. 12. 13. 14.  4.  1.  9.  7. 11. 10.  8.  6.  2.  3.  5.]  --  Cost: 91288.9803969119
Ant 19
Route order: [ 0. 12. 13. 14.  4.  1.  9.  7. 11. 10.  8.  6.  5.  3.  2.]  --  Cost: 88882.69795334444
