BETA = 3 #BETA is a parameter which weighs the relative importance of pheromone trail and of closeness
K= 50 #K is the number of ants
Q0= 0.9 #Q0 is a constant for defining the probability to take the best road or explore new one according to probability distribution
MAX_CITYS= 30 #Limit problem size to a maximun number of cities 
ALPHA= 0.1
N_MAX_CASES= 5 #When N_MAX_CASES ants converge into the same cost it is considered as a final optimal solution
ITERATIONS = 40

Ant 0
Route order: [ 0. 13. 14. 15. 17.  4. 27. 21.  1. 16. 22.  7. 23.  9. 10. 19.  6. 25.
 20. 11. 28.  8. 12. 29. 18. 26. 24.  5.  3.  2.]  --  Cost: 94134.45562272798
Ant 1
Route order: [ 0. 13. 14. 15. 17.  4. 27. 21.  1. 16. 22.  7. 23.  9. 10. 19.  6. 25.
 20. 11. 28.  8. 29. 12. 18. 26. 24.  5.  3.  2.]  --  Cost: 92696.11523610816
Ant 2
Route order: [ 0. 13. 14. 15. 17.  4. 27. 21.  1. 16. 22. 23.  9. 10. 19.  6. 25. 20.
 11. 28.  8. 29. 18. 26. 24.  5.  3.  7. 12.  2.]  --  Cost: 100635.27537629308
Ant 3
Route order: [ 0. 13. 14. 15. 17.  4. 27. 21.  1. 16. 22. 23.  9. 10. 19.  6. 25. 20.
 11. 28.  8. 29. 18. 26. 24.  5.  3.  7. 12.  2.]  --  Cost: 100635.27537629308
Ant 4
Route order: [ 0. 13. 14. 15. 17.  4. 27. 21.  1. 16. 22. 23.  9. 10. 19.  6. 25. 20.
 11. 28.  8. 29. 18. 26. 24.  5.  3.  7. 12.  2.]  --  Cost: 100635.27537629308
Ant 5
Route order: [ 0. 13. 14. 15. 17.  4. 27. 21.  1. 16. 22. 23.  9. 10. 19.  6. 25. 20.
 11. 28.  8. 29. 18. 26. 24.  5.  3.  7. 12.  2.]  --  Cost: 100635.27537629308
Ant 6
Route order: [ 0. 13. 14. 15. 17.  4. 27. 21.  1. 16. 22. 23.  9. 10. 19.  6. 25. 20.
 11. 28.  8. 29. 18. 26. 24.  5.  3.  7. 12.  2.]  --  Cost: 100635.27537629308
Ant 0
Route order: [ 0. 13. 14. 15. 17.  4. 27. 21.  1. 16. 22. 23.  7. 12. 10.  9. 19.  6.
 25. 20. 11. 28.  8. 29. 18. 26. 24.  5.  3.  2.]  --  Cost: 91816.26683075781
Ant 1
Route order: [ 0. 17. 15.  4. 27. 21.  1. 16. 22. 23.  7. 12. 29. 18. 26. 24.  5.  3.
 13. 14.  9. 10. 19.  6. 25. 20. 11. 28.  8.  2.]  --  Cost: 108207.89397453467
Ant 2
Route order: [ 0. 13. 14. 15. 17.  4. 27. 21.  1. 16. 22. 23.  7. 12. 24. 26. 18.  5.
  3.  9. 10. 19.  6. 25. 11. 28.  8. 20. 29.  2.]  --  Cost: 108608.16923515589
Ant 3
Route order: [ 0. 15. 17.  4. 16. 22. 23.  7. 14. 27. 21.  1.  9. 10. 19.  6. 25. 20.
 11. 28.  8. 29. 18. 26. 24.  5.  3. 13. 12.  2.]  --  Cost: 104792.99799994598
Ant 4
Route order: [ 0. 13. 14. 15. 17.  4. 27. 21.  1. 16. 22. 23.  7. 12. 29.  5.  3. 24.
 26. 18. 20. 11. 28.  8. 19.  6. 25.  9. 10.  2.]  --  Cost: 108675.32235197478
Ant 5
Route order: [ 0. 13. 14. 15. 17.  4. 27. 21.  1. 16. 22. 23.  7. 12.  5.  3.  9. 10.
 19.  6. 25. 20. 11. 28.  8. 29. 18. 26. 24.  2.]  --  Cost: 105099.33452228666
Ant 6
Route order: [ 0. 13. 14. 15. 17.  4. 27. 21.  1. 16. 22. 23.  7. 12. 29. 11. 28.  8.
 20. 19.  6. 25.  9. 10. 26. 24. 18.  5.  3.  2.]  --  Cost: 97382.65866190259
Ant 7
Route order: [ 0. 13. 14. 15. 17.  4. 27. 21.  1. 16. 22. 23.  7. 12. 29. 18. 26. 24.
  5.  3.  9. 10. 19.  6. 25. 20. 11. 28.  8.  2.]  --  Cost: 109869.27597202559
Ant 8
Route order: [ 0. 13. 14. 15. 17.  4. 27. 21.  1. 16. 22. 23.  7. 12. 10.  9. 19.  6.
 25. 20. 11. 28.  8. 29. 18. 26. 24.  5.  3.  2.]  --  Cost: 91816.26683075781
Ant 9
Route order: [ 0. 13. 14. 15. 17.  4. 27. 21.  1. 16. 22. 23.  7. 12. 10.  9. 19.  6.
 25. 20. 11. 28.  8. 29. 18. 26. 24.  5.  3.  2.]  --  Cost: 91816.26683075781
Ant 10
Route order: [ 0. 13. 14. 15. 17.  4. 27. 21.  1. 16. 22. 23.  7. 12. 29. 18. 26. 24.
  5.  3.  9. 10. 19.  6. 25. 20. 11. 28.  8.  2.]  --  Cost: 109869.27597202559
Ant 11
Route order: [ 0. 13. 14. 15. 17.  4. 27. 21.  1. 16. 22. 23.  7. 12. 29. 18. 26. 24.
  5.  3.  9. 10. 19.  6. 25. 20. 11. 28.  8.  2.]  --  Cost: 109869.27597202559
Ant 12
Route order: [ 0. 13. 14. 15. 17.  4. 27. 21.  1. 16. 22. 23.  7. 12. 29. 18. 26. 24.
  5.  3.  9. 10. 19.  6. 25. 20. 11. 28.  8.  2.]  --  Cost: 109869.27597202559
Ant 13
Route order: [ 0. 13. 14. 15. 17.  4. 27. 21.  1. 16. 22. 23.  7. 12. 29. 18. 26. 24.
  5.  3.  9. 10. 19.  6. 25. 20. 11. 28.  8.  2.]  --  Cost: 109869.27597202559
Ant 14
Route order: [ 0. 13. 14. 15. 17.  4. 27. 21.  1. 16. 22. 23.  7. 12. 29. 18. 26. 24.
  5.  3.  9. 10. 19.  6. 25. 20. 11. 28.  8.  2.]  --  Cost: 109869.27597202559
