BETA = 4 #BETA is a parameter which weighs the relative importance of pheromone trail and of closeness
K= 50 #K is the number of ants
Q0= 0.5 #Q0 is a constant for defining the probability to take the best road or explore new one according to probability distribution
MAX_CITYS= 30 #Limit problem size to a maximun number of cities 
ALPHA= 0.1
N_MAX_CASES= 10 #When N_MAX_CASES ants converge into the same cost it is considered as a final optimal solution
iterations = 25
Ant 0
Route order: [ 0. 13. 14.  4. 17. 15. 22. 16. 23.  7. 27.  1. 21. 10.  9. 19. 25.  6.
 12. 29. 20. 11. 28.  8. 26. 24. 18.  5.  3.  2.]  --  Cost: 99065.29622641439
Ant 1
Route order: [ 0. 13. 14.  4. 17. 15. 22. 16. 23.  7. 12. 29. 20. 11. 28.  8. 19.  6.
 25. 21.  1. 27.  9. 10. 18. 26. 24.  5.  3.  2.]  --  Cost: 98989.33024719323
Ant 2
Route order: [ 0. 13. 14.  4. 17. 15. 22. 16. 23.  7. 12. 29. 20. 11. 28.  8. 19.  6.
 25.  9. 10. 21.  1. 27. 18. 26. 24.  5.  3.  2.]  --  Cost: 98491.07546940129
Ant 3
Route order: [ 0. 13. 14.  4. 17. 15. 22. 16. 23.  7. 12. 29. 20. 11. 28.  8. 19.  6.
 25.  9. 10.  1. 21. 27. 18. 26. 24.  5.  3.  2.]  --  Cost: 98409.23067292813
Ant 4
Route order: [ 0. 13. 14.  4. 17. 15. 22. 16. 23.  7. 12. 29. 20. 11. 28.  8. 19.  6.
 25.  9. 10.  1. 21. 27. 18. 26. 24.  5.  3.  2.]  --  Cost: 98409.23067292813
Ant 5
Route order: [ 0. 13. 14.  4. 17. 15. 22. 16. 23.  7. 12. 29. 20. 11. 28.  8. 19.  6.
 25.  9. 10.  1. 21. 27. 18. 26. 24.  5.  3.  2.]  --  Cost: 98409.23067292813
Ant 6
Route order: [ 0. 13. 14.  4. 17. 15. 22. 16. 23.  7. 12. 29. 20. 11. 28.  8. 25.  6.
 19.  9. 10.  1. 21. 27. 18. 26. 24.  5.  3.  2.]  --  Cost: 97534.22764918115
Ant 7
Route order: [ 0. 13. 14.  4. 17. 15. 22. 16. 23.  7. 12. 29. 20. 11. 28.  8. 19.  6.
 25. 10.  9.  1. 21. 27. 18. 26. 24.  5.  3.  2.]  --  Cost: 98409.23067292813
Ant 8
Route order: [ 0. 13. 14.  4. 17. 15. 22. 16. 23.  7. 12. 29. 20. 11. 28.  8. 19.  6.
 25.  9. 10.  1. 21. 27. 18. 26. 24.  5.  3.  2.]  --  Cost: 98409.23067292813
Ant 9
Route order: [ 0. 13. 14.  4. 17. 15. 22. 16. 23.  7. 12. 29. 20. 11. 28.  8. 19.  6.
 25.  9. 10.  1. 21. 27. 18. 26. 24.  5.  3.  2.]  --  Cost: 98409.23067292813
Ant 10
Route order: [ 0. 13. 14.  4. 17. 15. 22. 16. 23.  7. 12. 29. 20. 11. 28.  8. 19.  6.
 25.  9. 10.  1. 21. 27. 18. 26. 24.  5.  3.  2.]  --  Cost: 98409.23067292813
Ant 11
Route order: [ 0. 13. 14.  4. 17. 15. 22. 16. 23.  7. 12. 26. 24.  5.  3.  2. 18. 29.
 20. 11. 28.  8. 19.  6. 25.  9. 10.  1. 21. 27.]  --  Cost: 97064.04524212658
Ant 12
Route order: [ 0. 13. 14.  4. 17. 15. 22. 16. 23.  7. 12. 29. 20. 11. 28.  8. 19.  6.
 25.  9. 10.  1. 21. 27. 18. 26. 24.  5.  3.  2.]  --  Cost: 98409.23067292813
Ant 13
Route order: [ 0. 13. 14.  4. 17. 15. 22. 16. 23.  7. 12. 29. 20. 11. 28.  8. 19.  6.
 25.  9. 10.  1. 21. 27. 18. 26. 24.  5.  3.  2.]  --  Cost: 98409.23067292813
Ant 14
Route order: [ 0. 13. 14.  4. 17. 15. 22. 16. 23.  7. 12. 29. 20. 11. 28.  8. 19.  6.
 25.  9. 10.  1. 21. 27. 18. 26. 24.  5.  3.  2.]  --  Cost: 98409.23067292813
Ant 15
Route order: [ 0. 13. 14.  4. 17. 15. 22. 16. 23.  7. 12. 29. 20. 11. 28.  8. 19.  6.
 25.  9. 10.  1. 21. 27. 18. 26. 24.  5.  3.  2.]  --  Cost: 98409.23067292813
Ant 16
Route order: [ 0. 13. 14.  4. 17. 15. 22. 16. 23.  7. 12. 29. 20. 11. 28.  8. 19.  6.
 25.  9. 10.  1. 21. 27. 18. 26. 24.  5.  3.  2.]  --  Cost: 98409.23067292813
Ant 17
Route order: [ 0. 13. 14.  4. 17. 15. 22. 16. 23.  7. 12. 29. 20. 11. 28.  8. 19.  6.
 25.  9. 10.  1. 21. 27. 18. 26. 24.  5.  3.  2.]  --  Cost: 98409.23067292813
Ant 18
Route order: [ 0. 13. 14.  4. 17. 15. 22. 16. 23.  7. 12. 29. 20. 11. 28.  8. 19.  6.
 25.  9. 10.  1. 21. 27. 18. 26. 24.  5.  3.  2.]  --  Cost: 98409.23067292813
Ant 19
Route order: [ 0. 13. 14.  4. 17. 15. 22. 16. 23.  7. 12. 29. 20. 11. 28.  8. 19.  6.
 25.  9. 10.  1. 21. 27. 18. 26. 24.  5.  3.  2.]  --  Cost: 98409.23067292813
Ant 20
Route order: [ 0. 13. 14.  4. 17. 15. 22. 16. 23.  7. 12. 29. 20. 11. 28.  8. 19.  6.
 25.  9. 10.  1. 21. 27. 18. 26. 24.  5.  3.  2.]  --  Cost: 98409.23067292813
Ant 21
Route order: [ 0. 13. 14.  4. 17. 15. 22. 16. 23.  7. 12. 29. 20. 11. 28.  8. 19.  6.
 25.  9. 10.  1. 21. 27. 18. 26. 24.  5.  3.  2.]  --  Cost: 98409.23067292813
