BETA = 2 #BETA is a parameter which weighs the relative importance of pheromone trail and of closeness
K= 50 #K is the number of ants
Q0= 0.9 #Q0 is a constant for defining the probability to take the best road or explore new one according to probability distribution
ALPHA= 0.1
N_MAX_CASES= 7 #When N_MAX_CASES ants converge into the same cost it is considered as a final optimal solution
ITERATIONS = 20

Ant 0
Route order: [ 0. 14.  4.  1.  9.  7. 11.  5.  3. 12. 13.  6.  8. 10.  2.]  --  Cost: 99402.55714204258
Ant 1
Route order: [ 0. 14.  4.  1.  9.  7. 11.  5.  3. 12. 13.  6.  8. 10.  2.]  --  Cost: 99402.55714204258
Ant 2
Route order: [ 0. 14.  4.  1.  9.  7. 11.  5.  3. 12. 13.  6.  8. 10.  2.]  --  Cost: 99402.55714204258
Ant 3
Route order: [ 0. 14.  4.  1.  9.  7. 11.  5.  3. 12. 13.  6.  8. 10.  2.]  --  Cost: 99402.55714204258
Ant 4
Route order: [ 0.  7. 11.  5.  3. 12. 13. 14.  4.  1.  9.  6.  8. 10.  2.]  --  Cost: 92911.45955517897
Ant 5
Route order: [ 0. 14.  4.  1.  9.  7. 11. 10.  8.  6. 13. 12.  3.  5.  2.]  --  Cost: 90488.18993238907
Ant 6
Route order: [ 0. 14.  4.  1.  9.  7. 11.  5.  3. 12. 13.  6.  8. 10.  2.]  --  Cost: 99402.55714204258
Ant 7
Route order: [ 0. 14.  4.  1.  9.  7. 11.  5.  3. 12. 13.  6.  8. 10.  2.]  --  Cost: 99402.55714204258
Ant 8
Route order: [ 0. 14.  4.  1.  9.  7. 11.  5.  3. 12. 13.  6.  8. 10.  2.]  --  Cost: 99402.55714204258
Ant 9
Route order: [ 0. 14.  4.  1.  9.  7. 11.  5.  3. 12. 13.  6.  8. 10.  2.]  --  Cost: 99402.55714204258
Ant 10
Route order: [ 0. 14.  4.  1.  9.  7. 11.  5.  3. 12. 13.  6.  8. 10.  2.]  --  Cost: 99402.55714204258
Ant 11
Route order: [ 0. 14.  4.  1.  9.  7. 11.  5.  3. 12. 13.  6.  8. 10.  2.]  --  Cost: 99402.55714204258
Ant 12
Route order: [ 0. 14.  4.  1.  9.  7. 11.  5.  3. 12. 13.  6.  8. 10.  2.]  --  Cost: 99402.55714204258
....
Ant 0
Route order: [ 0. 12. 13. 14.  4.  7. 11.  5.  3. 10.  8.  6.  9.  1.  2.]  --  Cost: 96716.28961189507
Ant 1
Route order: [ 0. 12. 13. 14.  4.  1.  9.  7. 11.  5.  3. 10.  8.  6.  2.]  --  Cost: 100535.8001889018
Ant 2
Route order: [ 0. 12. 13.  4. 14.  7. 11.  5.  3. 10.  8.  6.  9.  1.  2.]  --  Cost: 96108.38301267734
Ant 3
Route order: [ 0.  7. 11.  5.  3. 10.  8.  6.  9.  1.  4. 14. 13. 12.  2.]  --  Cost: 90260.07732049475
Ant 4
Route order: [ 0. 12. 13. 14.  4.  1.  9.  7. 11.  5.  3. 10.  8.  6.  2.]  --  Cost: 100535.8001889018
Ant 5
Route order: [ 0. 12. 13. 14.  4.  1.  9.  7.  3.  5. 11. 10.  8.  6.  2.]  --  Cost: 96348.86450625316
Ant 6
Route order: [ 0. 12. 13. 14.  4.  1.  9.  7. 10.  8.  6. 11.  5.  3.  2.]  --  Cost: 88968.16796445832
Ant 7
Route order: [ 0. 12. 13. 14.  4.  1.  9.  7. 11.  5.  3. 10.  8.  6.  2.]  --  Cost: 100535.8001889018
Ant 8
Route order: [ 0. 12. 13. 14.  4.  1.  2.  3.  5. 11.  7.  9.  6.  8. 10.]  --  Cost: 92074.44319344735
Ant 9
Route order: [ 0. 12. 13. 14.  4.  1.  9.  7. 11.  5.  3. 10.  8.  6.  2.]  --  Cost: 100535.8001889018
Ant 10
Route order: [ 0. 12. 13. 14.  4.  1.  9.  6.  8. 10. 11.  5.  3.  7.  2.]  --  Cost: 88704.86041504316
Ant 11
Route order: [ 0. 12. 13. 14.  4.  7. 11. 10.  8.  6.  9.  1.  3.  5.  2.]  --  Cost: 90073.08242034275
Ant 12
Route order: [ 0. 12. 13. 14.  4.  1.  9.  7. 11.  5.  3. 10.  8.  6.  2.]  --  Cost: 100535.8001889018
Ant 13
Route order: [ 0. 12. 13. 14.  4.  1.  9.  7. 11.  5.  3. 10.  8.  6.  2.]  --  Cost: 100535.8001889018
Ant 14
Route order: [ 0. 12. 13. 14.  4.  1.  9.  7. 11.  5.  3. 10.  8.  6.  2.]  --  Cost: 100535.8001889018
Ant 15
Route order: [ 0. 12. 13. 14.  4.  1.  9.  7. 11.  5.  3.  2. 10.  8.  6.]  --  Cost: 93318.15234877309
Ant 16
Route order: [ 0. 12. 13. 14.  4.  1.  9.  7. 11.  5.  3. 10.  8.  6.  2.]  --  Cost: 100535.8001889018
Ant 17
Route order: [ 0. 12. 13. 14.  4.  1.  9.  7. 11.  5.  3. 10.  8.  6.  2.]  --  Cost: 100535.8001889018
Ant 18
Route order: [ 0. 12. 13. 14.  4.  1.  9.  7. 11.  5.  3. 10.  8.  6.  2.]  --  Cost: 100535.8001889018
Ant 19
Route order: [ 0. 12. 13. 14.  4.  1.  9.  7. 11.  5.  3. 10.  8.  6.  2.]  --  Cost: 100535.8001889018
Ant 20
Route order: [ 0. 12. 13. 14.  4.  1.  9.  7. 11.  5.  3. 10.  8.  6.  2.]  --  Cost: 100535.8001889018
Ant 21
Route order: [ 0. 12. 13. 14.  4.  1.  9.  7. 11.  5.  3. 10.  8.  6.  2.]  --  Cost: 100535.8001889018
Ant 22
Route order: [ 0. 12. 13. 14.  4.  1.  9.  7. 11.  5.  3. 10.  8.  6.  2.]  --  Cost: 100535.8001889018
....
Ant 0
Route order: [ 0. 12. 13. 14.  4.  1.  9. 11.  7.  3.  5. 10.  8.  6.  2.]  --  Cost: 98296.43259261097
Ant 1
Route order: [ 0. 12. 13. 14.  4.  1.  9. 11.  7.  3.  5. 10.  8.  6.  2.]  --  Cost: 98296.43259261097
Ant 2
Route order: [ 0. 12. 13. 14.  4.  1.  9. 11. 10.  8.  6.  7.  5.  3.  2.]  --  Cost: 86955.09778123413
Ant 3
Route order: [ 0. 14.  4.  1.  9. 11.  7.  3.  5. 10.  8.  6. 13. 12.  2.]  --  Cost: 94511.8073110675
Ant 4
Route order: [ 0. 12. 13. 14. 11.  7.  4.  1.  9.  6.  8. 10.  5.  3.  2.]  --  Cost: 87479.70879444471
Ant 5
Route order: [ 0. 12. 13. 14.  4.  1.  9. 11.  7.  3.  5.  2. 10.  8.  6.]  --  Cost: 96871.70252277821
Ant 6
Route order: [ 0.  7.  3.  5. 10.  8.  6.  9. 11. 14.  4.  1. 13. 12.  2.]  --  Cost: 92976.04709454655
Ant 7
Route order: [ 0. 12. 13. 14.  4.  1.  9. 11.  7.  3.  5. 10.  8.  6.  2.]  --  Cost: 98296.43259261097
Ant 8
Route order: [ 0. 12. 13. 14.  4.  1.  5. 10.  8.  6.  9. 11.  7.  3.  2.]  --  Cost: 94097.86282080098
Ant 9
Route order: [ 0. 12. 13. 14.  4.  1.  9.  7.  3.  5. 10.  8.  6. 11.  2.]  --  Cost: 96592.51429518705
Ant 10
Route order: [ 0. 12. 13. 14.  4.  1.  9. 11.  7.  3.  5. 10.  8.  6.  2.]  --  Cost: 98296.43259261097
Ant 11
Route order: [ 0. 12. 13. 14.  4.  1.  9. 11.  5. 10.  8.  6.  7.  3.  2.]  --  Cost: 92760.7990480568
Ant 12
Route order: [ 0. 12. 13. 14.  4.  1.  9. 11.  7.  5.  3.  2. 10.  8.  6.]  --  Cost: 93806.48046062938
Ant 13
Route order: [ 0. 12. 13. 14.  4.  1.  9. 11.  7.  3.  5. 10.  8.  6.  2.]  --  Cost: 98296.43259261097
Ant 14
Route order: [ 0. 12. 13. 14.  4.  1.  9. 11.  7.  3.  5. 10.  8.  6.  2.]  --  Cost: 98296.43259261097
Ant 15
Route order: [ 0. 12. 13. 14.  4.  1.  9. 11.  7.  3.  5. 10.  8.  6.  2.]  --  Cost: 98296.43259261097
Ant 16
Route order: [ 0. 12. 13. 14.  4.  1.  9. 11.  7.  3.  5. 10.  8.  6.  2.]  --  Cost: 98296.43259261097
Ant 17
Route order: [ 0. 12. 13. 14.  4.  1.  9. 11.  7.  3.  5. 10.  8.  6.  2.]  --  Cost: 98296.43259261097
Ant 18
Route order: [ 0. 12. 13. 14.  4.  1.  9. 11.  7.  3.  5. 10.  8.  6.  2.]  --  Cost: 98296.43259261097
Ant 19
Route order: [ 0. 12. 13. 14.  4.  1.  9. 11.  7.  3.  5. 10.  8.  6.  2.]  --  Cost: 98296.43259261097
....
Ant 0
Route order: [ 0. 12. 13. 14.  4.  1.  9.  7. 11.  5.  3. 10.  8.  6.  2.]  --  Cost: 100535.8001889018
Ant 1
Route order: [ 0. 12. 13. 14.  4.  1.  9.  7. 11.  5.  3. 10.  8.  6.  2.]  --  Cost: 100535.8001889018
Ant 2
Route order: [ 0. 12.  7. 14.  4.  1.  9. 11.  5.  3.  2. 13.  6.  8. 10.]  --  Cost: 94236.42533492218
Ant 3
Route order: [ 0. 12. 13. 14.  4.  1.  9.  7. 11.  5.  3.  2.  6.  8. 10.]  --  Cost: 95606.17895383856
Ant 4
Route order: [ 0. 12. 13. 14.  4.  1.  9.  7. 11.  5.  3. 10.  8.  6.  2.]  --  Cost: 100535.8001889018
Ant 5
Route order: [ 0. 12.  3.  5. 11.  7. 14.  4.  1.  9. 13.  6.  8. 10.  2.]  --  Cost: 99678.16617486175
Ant 6
Route order: [ 0. 12.  4.  1.  9.  7. 11.  5.  3. 10.  8.  6. 14. 13.  2.]  --  Cost: 99839.88256599315
Ant 7
Route order: [ 0. 12. 13. 14.  4.  1.  9.  7. 11.  5.  6.  8. 10.  3.  2.]  --  Cost: 97416.09492831421
Ant 8
Route order: [ 0. 12. 13. 14.  4.  1.  9.  7. 11. 10.  8.  6.  5.  3.  2.]  --  Cost: 88882.69795334444
Ant 9
Route order: [ 0. 13. 14.  4.  1.  9.  7. 11.  5.  3. 10.  8.  6.  2. 12.]  --  Cost: 98637.68391460806
Ant 10
Route order: [ 0. 12. 13. 14.  4.  1.  9.  7. 11.  5.  3. 10.  8.  6.  2.]  --  Cost: 100535.8001889018
Ant 11
Route order: [ 0. 12. 13. 14.  4.  1.  9.  7. 11.  5.  3. 10.  8.  6.  2.]  --  Cost: 100535.8001889018
Ant 12
Route order: [ 0. 12. 13. 14.  4.  1.  9.  7. 11. 10.  8.  6.  2.  3.  5.]  --  Cost: 91288.9803969119
Ant 13
Route order: [ 0. 12. 13. 14.  4.  1.  9.  7. 11.  5.  3. 10.  8.  6.  2.]  --  Cost: 100535.8001889018
Ant 14
Route order: [ 0. 12. 13. 14.  4.  1.  9.  7. 11.  5.  3. 10.  8.  6.  2.]  --  Cost: 100535.8001889018
Ant 15
Route order: [ 0. 12. 13.  6.  8. 10. 11.  5.  3.  7. 14.  4.  1.  9.  2.]  --  Cost: 97291.85647357928
Ant 16
Route order: [ 0. 12. 13. 14.  4.  1.  9.  7. 11.  5.  3. 10.  8.  6.  2.]  --  Cost: 100535.8001889018
Ant 17
Route order: [ 0. 12. 13. 14.  4.  1.  9.  7. 11.  5.  3. 10.  8.  6.  2.]  --  Cost: 100535.8001889018
Ant 18
Route order: [ 0. 12. 13. 14.  4.  1.  9.  7. 11.  5.  3. 10.  8.  6.  2.]  --  Cost: 100535.8001889018
Ant 19
Route order: [ 0. 12. 13. 14.  4.  1.  9.  7. 11.  5.  3. 10.  8.  6.  2.]  --  Cost: 100535.8001889018
Ant 20
Route order: [ 0. 12. 13. 14.  4.  1.  9.  7. 11.  5.  3. 10.  8.  6.  2.]  --  Cost: 100535.8001889018
Ant 21
Route order: [ 0. 12. 13. 14.  4.  1.  9.  7. 11.  5.  3. 10.  8.  6.  2.]  --  Cost: 100535.8001889018
Ant 22
Route order: [ 0. 12. 13. 14.  4.  1.  9.  7. 11.  5.  3. 10.  8.  6.  2.]  --  Cost: 100535.8001889018