BETA = 4 #BETA is a parameter which weighs the relative importance of pheromone trail and of closeness
K= 50 #K is the number of ants
Q0= 0.7 #Q0 is a constant for defining the probability to take the best road or explore new one according to probability distribution
MAX_CITYS= 30 #Limit problem size to a maximun number of cities 
ALPHA= 0.1
N_MAX_CASES= 10 #When N_MAX_CASES ants converge into the same cost it is considered as a final optimal solution
iterations = 25
Ant 0
Route order: [ 0. 13. 14. 15. 17.  4. 27. 21.  1. 16. 22. 23.  7. 12. 29. 11. 28.  8.
 20. 19.  6. 25.  9. 10. 26. 24. 18.  5.  3.  2.]  --  Cost: 97382.65866190259
Ant 1
Route order: [ 0. 15. 17.  4. 27. 21.  1. 16. 22. 23.  7. 12. 26. 24. 18. 29. 28. 11.
 20.  8.  6. 25. 19.  9. 10. 14. 13.  3.  5.  2.]  --  Cost: 101193.55122362141
Ant 2
Route order: [ 0. 13. 14. 15. 17.  4. 27. 21.  1. 16. 22. 23.  7. 12.  9. 10. 19.  6.
 25. 20. 11. 28.  8. 29. 18. 26. 24.  5.  3.  2.]  --  Cost: 91816.26683075781
Ant 3
Route order: [ 0. 13. 14. 15. 17.  4. 27. 21.  1. 16. 22. 23.  7. 10.  9. 19.  6. 25.
 20. 11. 28.  8. 12. 29. 18. 26. 24.  5.  3.  2.]  --  Cost: 94319.13776628289
Ant 4
Route order: [ 0. 13. 14. 15. 17.  4. 27. 21.  1. 16. 22. 23.  7. 12. 29. 20. 11. 28.
  8. 19.  6. 25.  9. 10. 26. 24. 18.  5.  3.  2.]  --  Cost: 97708.21414932547
Ant 5
Route order: [ 0. 13. 14. 15. 17.  4. 27. 21.  1. 16. 22. 23.  7. 12. 25.  6.  9. 10.
 19. 20. 11. 28.  8. 29. 18. 26. 24.  5.  3.  2.]  --  Cost: 96689.2765159508
Ant 6
Route order: [ 0. 13. 14. 15. 17.  4. 27. 21.  1. 16. 22. 23.  7. 12. 29. 20. 11. 28.
  8. 10.  9.  6. 25. 19. 26. 24. 18.  5.  3.  2.]  --  Cost: 101272.07439379583
Ant 7
Route order: [ 0. 13. 14. 15. 17.  4. 27. 21.  1. 16. 22. 23.  7. 12. 29. 18. 26. 24.
  5.  3.  2.  9. 10. 19.  6. 25. 11. 28.  8. 20.]  --  Cost: 103187.58696625485
Ant 8
Route order: [ 0. 13.  3.  5. 24. 26. 18. 29. 20. 11. 28.  8. 12.  7. 23. 22. 16.  9.
 10. 19.  6. 25. 21.  1. 27.  4. 17. 15. 14.  2.]  --  Cost: 97396.89184760276
Ant 9
Route order: [ 0. 13. 14. 15. 17.  4. 27. 21.  1. 16. 22. 23.  7. 12. 29. 20. 11. 28.
  8. 19.  6. 25.  9. 10. 26. 24. 18.  5.  3.  2.]  --  Cost: 97708.21414932547
Ant 10
Route order: [ 0. 13. 14. 15. 17.  4. 27. 21.  1. 16. 22. 23.  7. 12. 29. 18. 26. 24.
  5.  3.  2.  9. 10. 19.  6. 25. 20. 11. 28.  8.]  --  Cost: 103395.52755190156
Ant 11
Route order: [ 0. 13. 14. 15. 17.  4. 27. 21.  1. 16. 22. 23.  7. 12. 29. 20. 11. 28.
  8. 19.  6. 25.  9. 10. 26. 24. 18.  5.  3.  2.]  --  Cost: 97708.21414932547
Ant 12
Route order: [ 0. 13. 14. 15. 17.  4. 27. 21.  1. 16. 22. 23.  7. 12. 29. 11. 28.  8.
 20. 19.  6. 25.  9. 10. 26. 24. 18.  5.  3.  2.]  --  Cost: 97382.65866190259
Ant 13
Route order: [ 0. 13. 14. 15. 17.  4. 27. 21.  1. 16. 22. 23.  7. 12. 29. 20. 11. 28.
  8. 19.  6. 25.  9. 10. 26. 24. 18.  5.  3.  2.]  --  Cost: 97708.21414932547
Ant 14
Route order: [ 0. 13. 14. 15. 17.  4. 27. 21.  1. 16. 22. 23.  7. 12. 29. 20. 11. 28.
  8. 19.  6. 25.  9. 10. 26. 24. 18.  5.  3.  2.]  --  Cost: 97708.21414932547
Ant 15
Route order: [ 0. 13. 14. 15. 17.  4. 27. 21.  1. 16. 22. 23.  7. 12. 29. 20. 11. 28.
  8. 19.  6. 25.  9. 10. 26. 24. 18.  5.  3.  2.]  --  Cost: 97708.21414932547
Ant 16
Route order: [ 0. 13. 14. 15. 17.  4. 27. 21.  1. 16. 22. 23.  7. 12. 29. 20. 11. 28.
  8. 19.  6. 25.  9. 10. 26. 24. 18.  5.  3.  2.]  --  Cost: 97708.21414932547
Ant 17
Route order: [ 0. 13. 14. 15. 17.  4. 27. 21.  1. 16. 22. 23.  7. 12. 29. 20. 11. 28.
  8. 19.  6. 25.  9. 10. 26. 24. 18.  5.  3.  2.]  --  Cost: 97708.21414932547
Ant 18
Route order: [ 0. 13. 14. 15. 17.  4. 27. 21.  1. 16. 22. 23.  7. 12. 29. 20. 11. 28.
  8. 19.  6. 25.  9. 10. 26. 24. 18.  5.  3.  2.]  --  Cost: 97708.21414932547
Ant 19
Route order: [ 0. 13. 14. 15. 17.  4. 27. 21.  1. 16. 22. 23.  7. 12. 29. 20. 11. 28.
  8. 19.  6. 25.  9. 10. 26. 24. 18.  5.  3.  2.]  --  Cost: 97708.21414932547
Ant 20
Route order: [ 0. 13. 14. 15. 17.  4. 27. 21.  1. 16. 22. 23.  7. 12. 29. 20. 11. 28.
  8. 19.  6. 25.  9. 10. 26. 24. 18.  5.  3.  2.]  --  Cost: 97708.21414932547
Ant 21
Route order: [ 0. 13. 14. 15. 17.  4. 27. 21.  1. 16. 22. 23.  7. 12. 29. 20. 11. 28.
  8. 19.  6. 25.  9. 10. 26. 24. 18.  5.  3.  2.]  --  Cost: 97708.21414932547
Ant 22
Route order: [ 0. 13. 14. 15. 17.  4. 27. 21.  1. 16. 22. 23.  7. 12. 29. 20. 11. 28.
  8. 19.  6. 25.  9. 10. 26. 24. 18.  5.  3.  2.]  --  Cost: 97708.21414932547
