BETA = 3 #BETA is a parameter which weighs the relative importance of pheromone trail and of closeness
K= 50 #K is the number of ants
Q0= 0.3 #Q0 is a constant for defining the probability to take the best road or explore new one according to probability distribution
MAX_CITYS= 30 #Limit problem size to a maximun number of cities 
ALPHA= 0.1
N_MAX_CASES= 5 #When N_MAX_CASES ants converge into the same cost it is considered as a final optimal solution
ITERATIONS = 40
Incremental Q0 every iteration

Ant 0
Route order: [ 0. 13. 14. 15. 17.  4. 27.  1. 21. 16. 22. 23.  7.  9. 10. 19. 25.  6.
 20. 11. 28.  8. 29. 26. 24. 18.  5.  3. 12.  2.]  --  Cost: 104772.08743719966
Ant 1
Route order: [ 0. 13. 14. 15. 17.  4. 22. 16. 23.  7. 12. 10.  9. 27.  1. 21. 25.  6.
 19. 11. 28.  8. 20. 29. 26. 18. 24.  5.  3.  2.]  --  Cost: 96259.53611971607
Ant 2
Route order: [ 0. 13. 15. 17.  4. 14.  7. 12. 23. 22. 16. 10.  9.  1. 21. 27. 19.  6.
 25. 20. 11. 28.  8. 29. 18. 26. 24.  5.  3.  2.]  --  Cost: 97000.98004980932
Ant 3
Route order: [ 0. 17. 15.  4. 27.  1. 21. 22. 16. 23.  7. 12. 29. 18. 26. 24.  5.  3.
 13. 14. 10.  9. 19. 25.  6. 20. 11. 28.  8.  2.]  --  Cost: 108631.16307442772
Ant 4
Route order: [ 0. 13. 14. 15. 17.  4. 27.  1. 21. 16. 22. 23.  7. 12. 19.  9. 10. 25.
  6. 11. 28.  8. 20. 29. 18. 26. 24.  5.  3.  2.]  --  Cost: 96539.68832842069
Ant 5
Route order: [ 0. 13. 14. 27.  1. 21.  4. 15. 17. 22. 16. 23.  7. 12. 26. 24. 18. 29.
 20. 11. 28.  8. 25.  6. 19.  9. 10.  3.  5.  2.]  --  Cost: 101498.92698352668
Ant 6
Route order: [ 0. 13. 14. 15. 17.  4. 27.  1. 21. 10.  9. 16. 22. 23.  7. 12. 24. 26.
 18.  5.  3.  2. 29. 28. 11. 20.  8. 25.  6. 19.]  --  Cost: 101808.38721768334
Ant 7
Route order: [ 0. 13. 14. 15. 17.  4. 27.  1. 21. 16. 22. 23.  7. 12. 29. 20. 11. 28.
  8. 25.  6. 19.  9. 10. 18. 26. 24.  5.  3.  2.]  --  Cost: 95472.08792082084
Ant 8
Route order: [ 0. 13. 14. 15. 17.  4. 27.  1. 21. 16. 22. 23.  7. 12. 29. 20. 11. 28.
  8. 19.  6. 25.  9. 10. 18. 26. 24.  5.  3.  2.]  --  Cost: 96347.09094456784
Ant 9
Route order: [ 0. 13. 14. 15. 17.  4. 27.  1. 21. 16. 22. 23.  7. 12. 10.  9. 19.  6.
 25. 11. 28.  8. 20. 29. 18. 26. 24.  5.  3.  2.]  --  Cost: 92280.34802883482
Ant 10
Route order: [ 0. 13. 14. 15. 17.  4. 27.  1. 21. 16. 22. 23.  7. 12. 26. 24. 18.  5.
  3.  2. 29. 28.  8. 11. 20. 25.  6. 19.  9. 10.]  --  Cost: 99944.78939224039
Ant 11
Route order: [ 0. 13. 14. 15. 17.  4. 27.  1. 21. 16. 22. 23.  7. 12.  2.  3.  5. 24.
 26. 18. 29. 20. 11. 28.  8. 19.  6. 25.  9. 10.]  --  Cost: 95370.56736692374
Ant 12
Route order: [ 0. 13. 14. 15. 17.  4. 27.  1. 21. 16. 22. 23.  7. 12. 10.  9. 19.  6.
 25. 20. 11. 28.  8. 29. 18. 26. 24.  5.  3.  2.]  --  Cost: 91883.79959727504
Ant 13
Route order: [ 0. 13. 14. 15. 17.  4. 27.  1. 21. 16. 22. 23.  7. 12. 26. 24.  5.  3.
  2. 29. 18. 11. 28.  8. 20. 19.  6. 25.  9. 10.]  --  Cost: 103978.96448099187
Ant 14
Route order: [ 0. 13. 14. 15. 17.  4. 27.  1. 21. 16. 22. 23.  7. 12.  9. 10. 19.  6.
 25. 28.  8. 11. 20. 29. 18. 26. 24.  5.  3.  2.]  --  Cost: 92640.91151401968
Ant 15
Route order: [ 0. 13. 14. 15. 17.  4. 27.  1. 21. 16. 22. 23.  7. 12. 29. 11. 28.  8.
 20. 18. 26. 24.  5.  3.  2. 25.  6. 19.  9. 10.]  --  Cost: 100929.08380011795
Ant 16
Route order: [ 0. 13. 14. 15. 17.  4. 27.  1. 21. 16. 22. 23.  7. 12. 10.  9. 19.  6.
 25. 20. 11. 28.  8. 29. 18. 26. 24.  5.  3.  2.]  --  Cost: 91883.79959727504
Ant 17
Route order: [ 0. 13. 14. 15. 17.  4. 27.  1. 21. 16. 22. 23.  7. 12. 18. 26. 24.  5.
  3.  2. 29. 20. 11. 28.  8. 25.  6. 19.  9. 10.]  --  Cost: 97199.88433224508
Ant 18
Route order: [ 0. 13. 14. 15. 17.  4. 27.  1. 21. 16. 22. 23.  7. 12. 10.  9. 19. 25.
  6. 20. 11. 28.  8. 29. 18. 26. 24.  5.  3.  2.]  --  Cost: 92037.34934966182
Ant 19
Route order: [ 0. 13. 14. 15. 17.  4. 27.  1. 21. 16. 22. 23.  7. 12. 10.  9. 19.  6.
 25. 11. 20. 28.  8. 29. 24. 26. 18.  5.  3.  2.]  --  Cost: 96293.20818695676
Ant 20
Route order: [ 0. 13. 14. 15. 17.  4. 27.  1. 21. 16. 22. 23.  7. 12.  9. 10. 19.  6.
 25. 28.  8. 20. 11. 29. 18. 26. 24.  5.  3.  2.]  --  Cost: 93361.06476344631
Ant 21
Route order: [ 0. 13. 14. 15. 17.  4. 27.  1. 21. 16. 22. 23.  7. 12. 10.  9. 19.  6.
 25.  8. 28. 11. 20. 29. 18. 26. 24.  5.  3.  2.]  --  Cost: 90666.1930092212
Ant 22
Route order: [ 0. 13. 14. 15. 17.  4. 27.  1. 21. 16. 22. 23.  7. 12. 18. 26. 24.  5.
  3.  2. 10.  9. 19.  6. 25. 11. 28.  8. 20. 29.]  --  Cost: 102272.46360592797
Ant 23
Route order: [ 0. 13. 14. 15. 17.  4. 27.  1. 21. 16. 22. 23.  7. 12. 10.  9. 19.  6.
 25. 28.  8. 20. 11. 29. 18. 26. 24.  5.  3.  2.]  --  Cost: 93361.06476344631
Ant 24
Route order: [ 0. 13. 14. 15. 17.  4. 27.  1. 21. 16. 22. 23.  7. 12.  9. 10. 19.  6.
 25.  8. 20. 11. 28. 29. 18. 26. 24.  5.  3.  2.]  --  Cost: 92024.50257721607
Ant 25
Route order: [ 0. 13. 14. 15. 17.  4. 27.  1. 21. 16. 22. 23.  7. 12. 10.  9. 19.  6.
 25. 18. 26. 24.  5.  3.  2. 29. 20. 11. 28.  8.]  --  Cost: 109397.47568638143
Ant 26
Route order: [ 0. 13. 14. 15. 17.  4. 27.  1. 21. 16. 22. 23.  7. 12. 10.  9. 19.  6.
 25. 28.  8. 20. 11. 29. 18. 26. 24.  5.  3.  2.]  --  Cost: 93361.06476344631
Ant 27
Route order: [ 0. 13. 14. 15. 17.  4. 27.  1. 21. 16. 22. 23.  7. 12. 10.  9. 19.  6.
 25. 28.  8. 20. 11. 29. 18. 26. 24.  5.  3.  2.]  --  Cost: 93361.06476344631
Ant 28
Route order: [ 0. 13. 14. 15. 17.  4. 27.  1. 21. 16. 22. 23.  7. 12. 10.  9. 19.  6.
 25. 20. 11. 28.  8. 29. 18. 26. 24.  5.  3.  2.]  --  Cost: 91883.79959727504
Ant 29
Route order: [ 0. 13. 14. 15. 17.  4. 27.  1. 21. 16. 22. 23.  7. 12. 10.  9. 19.  6.
 25. 28.  8. 11. 20. 29. 18. 26. 24.  5.  3.  2.]  --  Cost: 92640.91151401968
Ant 30
Route order: [ 0. 13. 14. 15. 17.  4. 27.  1. 21. 16. 22. 23.  7. 12. 29. 18. 26. 24.
  5.  3.  2. 10.  9. 19.  6. 25. 28.  8. 20. 11.]  --  Cost: 105368.0805870675
Ant 31
Route order: [ 0. 13. 14. 15. 17.  4. 27.  1. 21. 16. 22. 23.  7. 12. 10.  9. 19.  6.
 25. 20. 11. 28.  8. 29. 18. 26. 24.  5.  3.  2.]  --  Cost: 91883.79959727504
Ant 32
Route order: [ 0. 13. 14. 15. 17.  4. 27.  1. 21. 16. 22. 23.  7. 12. 10.  9. 19.  6.
 25. 28.  8. 20. 11. 29. 18. 26. 24.  5.  3.  2.]  --  Cost: 93361.06476344631
Ant 33
Route order: [ 0. 13. 14. 15. 17.  4. 27.  1. 21. 16. 22. 23.  7. 12. 10.  9. 19.  6.
 25. 28.  8. 20. 11. 29. 18. 26. 24.  5.  3.  2.]  --  Cost: 93361.06476344631
Ant 34
Route order: [ 0. 13. 14. 15. 17.  4. 27.  1. 21. 16. 22. 23.  7. 12. 10.  9. 19.  6.
 25. 28.  8. 20. 11. 29. 18. 26. 24.  5.  3.  2.]  --  Cost: 93361.06476344631
Ant 35
Route order: [ 0. 13. 14. 15. 17.  4. 27.  1. 21. 16. 22. 23.  7. 12. 10.  9. 19.  6.
 25. 28.  8. 20. 11. 29. 18. 26. 24.  5.  3.  2.]  --  Cost: 93361.06476344631
Ant 36
Route order: [ 0. 13. 14. 15. 17.  4. 27.  1. 21. 16. 22. 23.  7. 12. 10.  9. 19.  6.
 25. 11. 28.  8. 20. 29. 18. 26. 24.  5.  3.  2.]  --  Cost: 92280.34802883482
Ant 37
Route order: [ 0. 13. 14. 15. 17.  4. 27.  1. 21. 16. 22. 23.  7. 12. 10.  9. 19.  6.
 25. 28.  8. 20. 11. 29. 18. 26. 24.  5.  3.  2.]  --  Cost: 93361.06476344631
Ant 38
Route order: [ 0. 13. 14. 15. 17.  4. 27.  1. 21. 16. 22. 23.  7. 12. 10.  9. 19.  6.
 25. 28.  8. 20. 11. 29. 18. 26. 24.  5.  3.  2.]  --  Cost: 93361.06476344631
Ant 39
Route order: [ 0. 13. 14. 15. 17.  4. 27.  1. 21. 16. 22. 23.  7. 12. 10.  9. 19.  6.
 25. 20. 11. 28.  8. 29. 18. 26. 24.  5.  3.  2.]  --  Cost: 91883.79959727504
Ant 40
Route order: [ 0. 13. 14. 15. 17.  4. 27.  1. 21. 16. 22. 23.  7. 12. 10.  9. 19.  6.
 25. 28.  8. 20. 11. 29. 18. 26. 24.  5.  3.  2.]  --  Cost: 93361.06476344631
Ant 41
Route order: [ 0. 13. 14. 15. 17.  4. 27.  1. 21. 16. 22. 23.  7. 12. 10.  9. 19.  6.
 25. 28.  8. 20. 11. 29. 18. 26. 24.  5.  3.  2.]  --  Cost: 93361.06476344631
Ant 42
Route order: [ 0. 13. 14. 15. 17.  4. 27.  1. 21. 16. 22. 23.  7. 12. 10.  9. 19.  6.
 25. 28.  8. 20. 11. 29. 18. 26. 24.  5.  3.  2.]  --  Cost: 93361.06476344631
Ant 43
Route order: [ 0. 13. 14. 15. 17.  4. 27.  1. 21. 16. 22. 23.  7. 12. 10.  9. 19.  6.
 25.  8. 20. 11. 28. 29. 18. 26. 24.  5.  3.  2.]  --  Cost: 92024.50257721607
Ant 44
Route order: [ 0. 13. 14. 15. 17.  4. 27.  1. 21. 16. 22. 23.  7. 12. 10.  9. 19.  6.
 25. 28.  8. 20. 11. 29. 18. 26. 24.  5.  3.  2.]  --  Cost: 93361.06476344631
Ant 45
Route order: [ 0. 13. 14. 15. 17.  4. 27.  1. 21. 16. 22. 23.  7. 12. 10.  9. 19.  6.
 25. 28.  8. 20. 11. 29. 18. 26. 24.  5.  3.  2.]  --  Cost: 93361.06476344631
Ant 46
Route order: [ 0. 13. 14. 15. 17.  4. 27.  1. 21. 16. 22. 23.  7. 12. 10.  9. 19.  6.
 25. 28.  8. 20. 11. 29. 18. 26. 24.  5.  3.  2.]  --  Cost: 93361.06476344631
Ant 47
Route order: [ 0. 13. 14. 15. 17.  4. 27.  1. 21. 16. 22. 23.  7. 12. 10.  9. 19.  6.
 25. 28.  8. 20. 11. 29. 18. 26. 24.  5.  3.  2.]  --  Cost: 93361.06476344631
Ant 48
Route order: [ 0. 13. 14. 15. 17.  4. 27.  1. 21. 16. 22. 23.  7. 12. 10.  9. 19.  6.
 25. 28.  8. 20. 11. 29. 18. 26. 24.  5.  3.  2.]  --  Cost: 93361.06476344631
