BETA = 8 #BETA is a parameter which weighs the relative importance of pheromone trail and of closeness
K= 50 #K is the number of ants
Q0= 0.5 #Q0 is a constant for defining the probability to take the best road or explore new one according to probability distribution
MAX_CITYS= 30 #Limit problem size to a maximun number of cities 
ALPHA= 0.1
N_MAX_CASES= 10 #When N_MAX_CASES ants converge into the same cost it is considered as a final optimal solution
iterations = 25
Ant 0
Route order: [ 0.  7. 23. 22. 16.  9. 10.  1. 21. 27.  4. 17. 15. 14. 13.  3.  5. 26.
 24. 18. 29. 20. 11. 28.  8. 12. 19.  6. 25.  2.]  --  Cost: 105436.53572840031
Ant 1
Route order: [ 0. 22. 16. 23. 17. 15.  4. 27. 21.  1.  9. 10. 19.  6. 25.  8. 11. 28.
 20. 29. 18. 26. 24.  5.  3. 12.  7. 14. 13.  2.]  --  Cost: 99650.45850152973
Ant 2
Route order: [ 0.  7. 23. 22. 16.  9. 10.  1. 21. 27.  4. 17. 15. 14. 13.  3.  5. 24.
 26. 18. 29. 20. 11. 28.  8. 12. 19.  6. 25.  2.]  --  Cost: 104611.255146424
Ant 3
Route order: [ 0.  7. 23. 22. 16. 10.  9. 19.  6. 25.  1. 21. 27.  4. 17. 15. 14. 13.
  3.  5. 24. 26. 18. 29. 20. 11. 28.  8. 12.  2.]  --  Cost: 99977.81020845633
Ant 4
Route order: [ 0.  7. 23. 22. 16.  9. 10.  1. 21. 27.  4. 17. 15. 14. 13.  3.  5. 24.
 26. 18. 29. 20. 11. 28.  8. 12. 19.  6. 25.  2.]  --  Cost: 104611.255146424
Ant 5
Route order: [ 0.  7. 23. 22. 16.  9. 10.  1. 21. 27.  4. 17. 15. 14. 13.  3.  5. 24.
 26. 18. 29. 20. 11. 28.  8. 12. 19.  6. 25.  2.]  --  Cost: 104611.255146424
Ant 6
Route order: [ 0.  7. 23. 22. 16.  9. 10.  1. 21. 27.  4. 17. 15. 14. 13.  3.  5. 24.
 26. 18. 29. 20. 11. 28.  8. 12. 19.  6. 25.  2.]  --  Cost: 104611.255146424
Ant 7
Route order: [ 0.  7. 23. 22. 16.  9. 10.  1. 21. 27.  4. 17. 15. 14. 13.  3.  5. 24.
 26. 18. 29. 20. 11. 28.  8. 12. 19.  6. 25.  2.]  --  Cost: 104611.255146424
Ant 8
Route order: [ 0.  7. 23. 22. 16.  9. 10.  1. 21. 27.  4. 17. 15. 14. 13.  3.  5. 24.
 26. 18. 29. 20. 11. 28.  8. 12. 19.  6. 25.  2.]  --  Cost: 104611.255146424
Ant 9
Route order: [ 0.  7. 23. 22. 16.  9. 10.  1. 21. 27.  4. 17. 15. 14. 13.  3.  5. 24.
 26. 18. 29. 20. 11. 28.  8. 12. 19.  6. 25.  2.]  --  Cost: 104611.255146424
Ant 10
Route order: [ 0.  7. 23. 22. 16.  9. 10.  1. 21. 27.  4. 17. 15. 14. 13.  3.  5. 24.
 26. 18. 29. 20. 11. 28.  8. 12. 19.  6. 25.  2.]  --  Cost: 104611.255146424
Ant 11
Route order: [ 0.  7. 23. 22. 16.  9. 10.  1. 21. 27.  4. 17. 15. 14. 13.  3.  5. 24.
 26. 18. 29. 20. 11. 28.  8. 12. 19.  6. 25.  2.]  --  Cost: 104611.255146424
Ant 12
Route order: [ 0.  7. 23. 22. 16.  9. 10.  1. 21. 27.  4. 17. 15. 14. 13.  3.  5. 24.
 26. 18. 29. 20. 11. 28.  8. 12. 19.  6. 25.  2.]  --  Cost: 104611.255146424
Ant 13
Route order: [ 0.  7. 23. 22. 16.  9. 10.  1. 21. 27.  4. 17. 15. 14. 13.  3.  5. 24.
 26. 18. 29. 20. 11. 28.  8. 12. 19.  6. 25.  2.]  --  Cost: 104611.255146424
