BETA = 2 #BETA is a parameter which weighs the relative importance of pheromone trail and of closeness
K= 50 #K is the number of ants
Q0= 0.3 #Q0 is a constant for defining the probability to take the best road or explore new one according to probability distribution
ALPHA= 0.1
N_MAX_CASES= 7 #When N_MAX_CASES ants converge into the same cost it is considered as a final optimal solution
ITERATIONS = 20
Increase q0 always

Ant 0
Route order: [ 0. 12.  7. 11. 10.  8.  6.  9.  1.  4. 14. 13.  3.  5.  2.]  --  Cost: 87170.9256066308
Ant 1
Route order: [ 0. 12. 13. 14.  4.  9. 11. 10.  8.  6.  1.  7.  3.  5.  2.]  --  Cost: 90602.23354905227
Ant 2
Route order: [ 0. 12. 13. 14.  4.  1.  9. 11. 10.  8.  6.  2.  3.  5.  7.]  --  Cost: 89489.07224082631
Ant 3
Route order: [ 0. 13. 14.  4.  1.  9. 10.  8.  6. 11.  2.  3.  5. 12.  7.]  --  Cost: 92514.37412672758
Ant 4
Route order: [ 0. 12. 13.  4. 14.  1.  9.  7. 11. 10.  8.  6.  5.  3.  2.]  --  Cost: 89621.29152295893
Ant 5
Route order: [ 0. 12. 13.  7. 11. 10.  8.  6.  1.  9.  4. 14.  5.  3.  2.]  --  Cost: 88724.42750919657
Ant 6
Route order: [ 0. 12. 11. 10.  8.  6.  9.  1. 13. 14.  4.  7.  5.  3.  2.]  --  Cost: 86466.69126061263
Ant 7
Route order: [ 0. 12. 13. 14.  4.  1.  9.  7. 11. 10.  8.  6.  5.  3.  2.]  --  Cost: 88882.69795334444
Ant 8
Route order: [ 0. 12. 13.  1.  4. 14.  7. 11. 10.  8.  6.  9.  3.  2.  5.]  --  Cost: 89380.12384237886
Ant 9
Route order: [ 0. 12. 13. 14.  4.  1.  9.  7. 11.  3.  2.  5. 10.  8.  6.]  --  Cost: 91914.36022973945
Ant 10
Route order: [ 0. 12. 13. 14.  4.  1. 11. 10.  8.  6.  9.  7.  5.  3.  2.]  --  Cost: 86375.49986176714
Ant 11
Route order: [ 0. 12. 13. 14.  4.  1.  9. 11. 10.  8.  6.  7.  5.  3.  2.]  --  Cost: 86955.09778123413
Ant 12
Route order: [ 0. 12. 13. 14.  7. 11. 10.  8.  6.  9.  1.  4.  2.  5.  3.]  --  Cost: 88256.66099046878
Ant 13
Route order: [ 0. 12.  7. 11. 10.  8.  6.  9.  1.  4. 14. 13.  5.  3.  2.]  --  Cost: 85531.64887789983
Ant 14
Route order: [ 0. 12. 11. 10.  8.  6.  9.  1. 14.  4. 13.  7.  5.  3.  2.]  --  Cost: 86829.82660249315
Ant 15
Route order: [ 0. 12. 13. 14.  4.  7. 11. 10.  8.  6.  9.  1.  5.  3.  2.]  --  Cost: 87516.0586255065
Ant 16
Route order: [ 0.  7. 11. 10.  8.  6.  1.  9.  4. 14. 13. 12.  3.  2.  5.]  --  Cost: 85807.71239263217
Ant 17
Route order: [ 0. 12. 13. 14.  4.  1.  9. 11. 10.  8.  6.  7.  5.  3.  2.]  --  Cost: 86955.09778123413
Ant 18
Route order: [ 0. 12. 13. 14.  4.  7. 11. 10.  8.  6.  9.  1.  5.  3.  2.]  --  Cost: 87516.0586255065
Ant 19
Route order: [ 0. 12. 13. 14.  4.  1.  9. 11. 10.  8.  6.  7.  5.  3.  2.]  --  Cost: 86955.09778123413
Ant 20
Route order: [ 0. 12. 13. 14.  4.  1.  9.  7. 11. 10.  8.  6.  5.  3.  2.]  --  Cost: 88882.69795334444
Ant 21
Route order: [ 0. 12. 13. 14.  4.  1.  9.  7. 11. 10.  8.  6.  5.  3.  2.]  --  Cost: 88882.69795334444
Ant 22
Route order: [ 0. 12. 13. 14.  4.  1.  9.  6. 11. 10.  8.  5.  3.  2.  7.]  --  Cost: 87105.50237520503
Ant 23
Route order: [ 0. 12. 13. 14.  4.  1.  9.  7. 11. 10.  8.  6.  3.  2.  5.]  --  Cost: 92086.909307888
Ant 24
Route order: [ 0. 12. 13. 14.  4.  1.  9.  7. 11. 10.  8.  6.  5.  3.  2.]  --  Cost: 88882.69795334444
Ant 25
Route order: [ 0. 12. 13. 14.  4.  1.  9.  7. 11. 10.  8.  6.  5.  3.  2.]  --  Cost: 88882.69795334444
Ant 26
Route order: [ 0. 12. 13. 14.  4.  1.  9.  7. 11. 10.  8.  6.  5.  3.  2.]  --  Cost: 88882.69795334444
Ant 27
Route order: [ 0. 12. 13. 14.  4.  1.  9.  7. 11. 10.  8.  6.  5.  3.  2.]  --  Cost: 88882.69795334444
Ant 28
Route order: [ 0. 12. 13. 14.  4.  1.  9.  7. 11. 10.  8.  6.  5.  3.  2.]  --  Cost: 88882.69795334444
Ant 29
Route order: [ 0. 12. 13. 14.  4.  1.  9.  7. 11. 10.  8.  6.  5.  3.  2.]  --  Cost: 88882.69795334444
Ant 30
Route order: [ 0. 12. 13. 14.  4.  7. 11. 10.  8.  6.  9.  1.  5.  3.  2.]  --  Cost: 87516.0586255065
Ant 31
Route order: [ 0. 12. 13. 14.  4.  1.  9.  7. 11. 10.  8.  6.  5.  3.  2.]  --  Cost: 88882.69795334444
Ant 32
Route order: [ 0. 12. 13. 14.  4.  1.  9.  7. 11. 10.  8.  6.  5.  3.  2.]  --  Cost: 88882.69795334444
Ant 33
Route order: [ 0. 12. 13. 14.  4.  1.  9.  7. 11. 10.  8.  6.  5.  3.  2.]  --  Cost: 88882.69795334444
Ant 34
Route order: [ 0. 12. 13. 14.  4.  1.  9.  7. 11. 10.  8.  6.  5.  3.  2.]  --  Cost: 88882.69795334444
Ant 35
Route order: [ 0. 12. 13. 14.  4.  1.  9.  7. 11. 10.  8.  6.  5.  3.  2.]  --  Cost: 88882.69795334444
Ant 36
Route order: [ 0. 12. 13. 14.  4.  1.  9.  6. 10.  8. 11.  7.  5.  3.  2.]  --  Cost: 83513.5850631173
Ant 37
Route order: [ 0. 12. 13. 14.  4.  1.  9.  7. 11. 10.  8.  6.  5.  3.  2.]  --  Cost: 88882.69795334444
Ant 38
Route order: [ 0. 12. 13. 14.  4.  1.  9.  7. 11. 10.  8.  6.  5.  3.  2.]  --  Cost: 88882.69795334444
Ant 39
Route order: [ 0. 12. 13. 14.  4.  1.  9.  7. 11. 10.  8.  6.  5.  3.  2.]  --  Cost: 88882.69795334444
Ant 40
Route order: [ 0. 12. 13. 14.  4.  1.  9.  7. 11. 10.  8.  6.  5.  3.  2.]  --  Cost: 88882.69795334444
Ant 41
Route order: [ 0. 12. 13. 14.  4.  1.  9.  7. 11. 10.  8.  6.  5.  3.  2.]  --  Cost: 88882.69795334444
Ant 42
Route order: [ 0. 12. 13. 14.  4.  1.  9.  7. 11. 10.  8.  6.  5.  3.  2.]  --  Cost: 88882.69795334444
Ant 43
Route order: [ 0. 12. 13. 14.  4.  1.  9.  7. 11. 10.  8.  6.  3.  2.  5.]  --  Cost: 92086.909307888
Ant 44
Route order: [ 0. 12. 13. 14.  4.  1.  9.  7. 11. 10.  8.  6.  5.  3.  2.]  --  Cost: 88882.69795334444
Ant 45
Route order: [ 0. 12. 13. 14.  4.  1.  9.  7. 11. 10.  8.  6.  5.  3.  2.]  --  Cost: 88882.69795334444
Ant 46
Route order: [ 0. 12. 13. 14.  4.  1.  9.  7. 11. 10.  8.  6.  5.  3.  2.]  --  Cost: 88882.69795334444
Ant 47
Route order: [ 0. 12. 13. 14.  4.  1.  9.  7. 11. 10.  8.  6.  5.  3.  2.]  --  Cost: 88882.69795334444
Ant 48
Route order: [ 0. 12. 13. 14.  4.  1.  9.  7. 11. 10.  8.  6.  5.  3.  2.]  --  Cost: 88882.69795334444
Ant 49
Route order: [ 0. 12. 13. 14.  4.  1.  9.  7. 11. 10.  8.  6.  5.  3.  2.]  --  Cost: 88882.69795334444
....
Ant 0
Route order: [ 0. 12.  4. 13. 14.  7. 11.  9.  1.  6.  8. 10.  5.  3.  2.]  --  Cost: 88189.32767679312
Ant 1
Route order: [ 0. 12. 14.  4.  1.  9.  6. 13.  7. 11. 10.  8.  5.  3.  2.]  --  Cost: 90824.04718652356
Ant 2
Route order: [ 0.  4. 14. 13. 12.  7. 11. 10.  8.  6.  9.  1.  5.  3.  2.]  --  Cost: 88609.58642680108
Ant 3
Route order: [ 0. 12. 13. 14.  4.  1.  6.  9. 11. 10.  8.  5.  3.  2.  7.]  --  Cost: 87242.11562746328
Ant 4
Route order: [ 0.  7. 11. 10.  8.  6.  9.  1.  4. 14. 13. 12.  3.  5.  2.]  --  Cost: 83997.09234552548
Ant 5
Route order: [ 0.  7. 11. 14. 13.  4.  1.  9.  6.  8. 10.  5.  3. 12.  2.]  --  Cost: 90170.916350746
Ant 6
Route order: [ 0. 12. 13.  4.  1.  9.  7. 11. 10.  8.  6.  5.  3.  2. 14.]  --  Cost: 91400.462990608
Ant 7
Route order: [ 0. 12. 13.  4. 14.  1.  9.  6.  8. 10. 11.  7.  2.  3.  5.]  --  Cost: 84383.5698753164
Ant 8
Route order: [ 0. 12. 13.  4. 14.  7. 11.  9.  1.  6.  8. 10.  5.  3.  2.]  --  Cost: 86336.87416862659
Ant 9
Route order: [ 0. 12. 13.  4. 14.  7. 11.  9.  1.  6.  8. 10.  5.  3.  2.]  --  Cost: 86336.87416862659
Ant 10
Route order: [ 0.  7. 11. 10.  8.  6.  9.  1. 13. 14.  4.  5.  3. 12.  2.]  --  Cost: 89957.73094310609
Ant 11
Route order: [ 0. 12. 13.  4. 14.  7. 11. 10.  8.  6.  9.  1.  5.  3.  2.]  --  Cost: 86908.15202628876
Ant 12
Route order: [ 0. 12. 13.  7. 11. 10.  8.  6.  9.  1.  4. 14.  3.  2.  5.]  --  Cost: 87775.48898863229
Ant 13
Route order: [ 0. 12. 13.  4. 14.  7. 11. 10.  8.  6.  9.  1.  5.  3.  2.]  --  Cost: 86908.15202628876
Ant 14
Route order: [ 0. 12. 13.  4. 14.  7. 11. 10.  8.  6.  9.  1.  5.  3.  2.]  --  Cost: 86908.15202628876
Ant 15
Route order: [ 0. 14.  7. 11. 10.  8.  6.  9.  1.  4. 13. 12.  3.  5.  2.]  --  Cost: 85706.48690068044
Ant 16
Route order: [ 0.  7. 11. 10.  8.  6.  9.  1.  4. 14. 13. 12.  5.  3.  2.]  --  Cost: 82902.35733605849
Ant 17
Route order: [ 0. 12. 13.  4. 14.  7. 11. 10.  8.  6.  9.  1.  5.  3.  2.]  --  Cost: 86908.15202628876
Ant 18
Route order: [ 0. 12. 13. 14.  4.  1.  9.  6.  8. 10. 11.  5.  3.  2.  7.]  --  Cost: 81356.74003776001
Ant 19
Route order: [ 0. 12. 13. 14.  7. 11. 10.  8.  6.  9.  1.  4.  5.  3.  2.]  --  Cost: 86402.73183042993
Ant 20
Route order: [ 0. 12. 13. 14.  7. 11. 10.  8.  6.  9.  1.  4.  5.  3.  2.]  --  Cost: 86402.73183042993
Ant 21
Route order: [ 0. 12. 13.  7. 11. 10.  8.  6.  9.  1.  4. 14.  5.  3.  2.]  --  Cost: 86200.38464506975
Ant 22
Route order: [ 0. 12. 13.  4. 14.  7. 11. 10.  8.  6.  9.  1.  3.  2.  5.]  --  Cost: 88751.75300410487
Ant 23
Route order: [ 0. 12. 13.  4. 14.  7. 11. 10.  8.  6.  9.  1.  3.  2.  5.]  --  Cost: 88751.75300410487
Ant 24
Route order: [ 0. 12. 13.  4. 14.  7. 11. 10.  8.  6.  9.  1.  5.  3.  2.]  --  Cost: 86908.15202628876
Ant 25
Route order: [ 0. 12.  7. 11. 10.  8.  6.  9.  1.  4. 14. 13.  5.  3.  2.]  --  Cost: 85531.64887789983
Ant 26
Route order: [ 0. 12.  7. 11. 10.  8.  6.  9.  1.  4. 14. 13.  5.  3.  2.]  --  Cost: 85531.64887789983
Ant 27
Route order: [ 0. 12. 13.  4. 14.  7. 11. 10.  8.  6.  9.  1.  3.  5.  2.]  --  Cost: 89465.17582112501
Ant 28
Route order: [ 0. 12. 13.  4. 14.  7. 11. 10.  8.  6.  9.  1.  5.  3.  2.]  --  Cost: 86908.15202628876
Ant 29
Route order: [ 0. 12. 13.  4. 14.  7. 11. 10.  8.  6.  9.  1.  5.  3.  2.]  --  Cost: 86908.15202628876
Ant 30
Route order: [ 0. 12. 13.  4. 14.  7. 11. 10.  8.  6.  9.  1.  5.  3.  2.]  --  Cost: 86908.15202628876
Ant 31
Route order: [ 0. 12. 13.  4. 14.  7. 11. 10.  8.  6.  9.  1.  5.  3.  2.]  --  Cost: 86908.15202628876
Ant 32
Route order: [ 0. 12. 13.  4. 14.  7. 11. 10.  8.  6.  9.  1.  5.  3.  2.]  --  Cost: 86908.15202628876
Ant 33
Route order: [ 0. 12. 13.  4. 14.  7. 11. 10.  8.  6.  9.  1.  5.  3.  2.]  --  Cost: 86908.15202628876
Ant 34
Route order: [ 0. 12. 13.  4. 14.  7. 11. 10.  8.  6.  9.  1.  5.  3.  2.]  --  Cost: 86908.15202628876
....
Ant 0
Route order: [ 0. 14.  7. 11.  8. 10.  6.  9.  1.  4. 13. 12.  2.  5.  3.]  --  Cost: 86627.84537383504
Ant 1
Route order: [ 0. 12.  3.  5. 11.  7.  9. 13. 14.  4.  1.  6.  8. 10.  2.]  --  Cost: 97577.88977969837
Ant 2
Route order: [ 0. 12.  9. 13. 14.  4.  1.  6.  8. 10. 11.  5.  3.  2.  7.]  --  Cost: 88487.01655795696
Ant 3
Route order: [ 0. 12. 13.  4. 14.  7.  9.  1.  2.  5.  3. 11. 10.  8.  6.]  --  Cost: 96421.3150695723
Ant 4
Route order: [ 0. 12.  3.  5. 11. 10.  8.  6.  9.  1. 14.  4. 13.  7.  2.]  --  Cost: 89761.3206925283
Ant 5
Route order: [ 0. 14.  4. 13. 12.  7. 11. 10.  8.  6.  9.  1.  5.  3.  2.]  --  Cost: 87880.0635713365
Ant 6
Route order: [ 0. 12. 13.  4. 14.  7. 11.  9.  1.  6.  8. 10.  5.  3.  2.]  --  Cost: 86336.87416862659
Ant 7
Route order: [ 0. 14.  4. 13. 12.  7. 11. 10.  8.  6.  9.  1.  5.  3.  2.]  --  Cost: 87880.0635713365
Ant 8
Route order: [ 0. 14.  4. 13.  7.  2.  5.  3. 11. 10.  8.  6.  9.  1. 12.]  --  Cost: 90898.9060591591
Ant 9
Route order: [ 0. 13. 12.  7. 11. 10.  8.  6.  9.  1. 14.  4.  2.  3.  5.]  --  Cost: 87731.3411070187
Ant 10
Route order: [ 0. 12.  7. 11. 10.  8.  6.  9.  1.  4. 14. 13.  3.  5.  2.]  --  Cost: 87170.9256066308
Ant 11
Route order: [ 0. 12.  7. 11. 10.  8.  6.  9.  1.  4. 13. 14.  5.  3.  2.]  --  Cost: 85481.02262554789
Ant 12
Route order: [ 0.  7. 11. 10.  8.  6.  9.  1.  4. 14. 13. 12.  3.  2.  5.]  --  Cost: 83283.66952850534
Ant 13
Route order: [ 0. 12.  7. 11. 10.  8.  6.  9.  1.  4. 14. 13.  2.  5.  3.]  --  Cost: 85654.82544667818
Ant 14
Route order: [ 0. 12.  7. 11. 10.  8.  6.  9.  1.  4. 14. 13.  5.  3.  2.]  --  Cost: 85531.64887789983
Ant 15
Route order: [ 0. 12.  7. 11. 10.  8.  6.  9.  1.  4. 14. 13.  3.  5.  2.]  --  Cost: 87170.9256066308
Ant 16
Route order: [ 0. 14.  4. 13.  1.  9.  6.  8. 10. 11.  7.  3.  5. 12.  2.]  --  Cost: 88843.67194388618
Ant 17
Route order: [ 0. 12.  7. 11. 10.  8.  6.  9.  1.  4. 14. 13.  5.  3.  2.]  --  Cost: 85531.64887789983
Ant 18
Route order: [ 0. 12.  7. 11. 10.  8.  6.  9.  1.  4. 14.  5.  3.  2. 13.]  --  Cost: 85948.64919065102
Ant 19
Route order: [ 0. 11. 10.  8.  6.  9.  1. 14.  4. 13.  7.  5.  3.  2. 12.]  --  Cost: 83737.78545013293
Ant 20
Route order: [ 0.  7. 11. 10.  8.  6.  9.  1.  4. 14. 13. 12.  3.  5.  2.]  --  Cost: 83997.09234552548
Ant 21
Route order: [ 0. 12.  7. 11. 10.  8.  6.  9.  1.  4. 14. 13.  5.  3.  2.]  --  Cost: 85531.64887789983
Ant 22
Route order: [ 0. 14.  4.  7. 11. 10.  8.  6.  9.  1. 13. 12.  3.  5.  2.]  --  Cost: 86570.2784570553
Ant 23
Route order: [ 0. 12.  7. 11. 10.  8.  6.  9.  1.  4. 14. 13.  3.  5.  2.]  --  Cost: 87170.9256066308
Ant 24
Route order: [ 0. 12.  7. 11. 10.  8.  6.  9.  1.  4. 14. 13.  3.  5.  2.]  --  Cost: 87170.9256066308
Ant 25
Route order: [ 0.  7. 11. 10.  8.  6.  9.  1.  4. 14. 13. 12.  3.  5.  2.]  --  Cost: 83997.09234552548
Ant 26
Route order: [ 0. 12.  7. 11. 10.  8.  6.  9.  1.  4. 14. 13.  3.  2.  5.]  --  Cost: 86457.50278961066
Ant 27
Route order: [ 0. 12.  7. 11. 10.  8.  6.  9.  1.  4. 14. 13.  5.  3.  2.]  --  Cost: 85531.64887789983
Ant 28
Route order: [ 0. 12.  7. 11. 10.  8.  6.  9.  1.  4. 13. 14.  5.  3.  2.]  --  Cost: 85481.02262554789
Ant 29
Route order: [ 0. 12.  7. 11. 10.  8.  6.  9.  1.  4. 14. 13.  5.  3.  2.]  --  Cost: 85531.64887789983
Ant 30
Route order: [ 0. 12.  7. 11. 10.  8.  6.  9.  1.  4. 14. 13.  3.  5.  2.]  --  Cost: 87170.9256066308
Ant 31
Route order: [ 0. 12.  7. 11. 10.  8.  6.  9.  1.  4. 14. 13.  3.  5.  2.]  --  Cost: 87170.9256066308
Ant 32
Route order: [ 0. 12.  7. 11. 10.  8.  6.  9.  1.  4. 14. 13.  3.  5.  2.]  --  Cost: 87170.9256066308
Ant 33
Route order: [ 0. 12.  7. 11. 10.  8.  6.  9.  1.  4. 14. 13.  3.  5.  2.]  --  Cost: 87170.9256066308
Ant 34
Route order: [ 0. 12.  3.  5.  2. 13.  4. 14.  7. 11. 10.  8.  6.  9.  1.]  --  Cost: 86680.21925426535
Ant 35
Route order: [ 0. 12.  7. 11. 10.  8.  6.  9.  1.  4. 14. 13.  5.  3.  2.]  --  Cost: 85531.64887789983
Ant 36
Route order: [ 0. 12.  7. 11. 10.  8.  6.  9.  1.  4. 14. 13.  3.  5.  2.]  --  Cost: 87170.9256066308
Ant 37
Route order: [ 0. 12.  7. 11. 10.  8.  6.  9.  1.  4. 14. 13.  3.  5.  2.]  --  Cost: 87170.9256066308
Ant 38
Route order: [ 0. 12.  7. 11. 10.  8.  6.  9.  1.  4. 14. 13.  3.  5.  2.]  --  Cost: 87170.9256066308
Ant 39
Route order: [ 0. 12.  7. 11. 10.  8.  6.  9.  1.  4. 14. 13.  3.  5.  2.]  --  Cost: 87170.9256066308
Ant 40
Route order: [ 0. 12.  7. 11. 10.  8.  6.  9.  1.  4. 14. 13.  5.  3.  2.]  --  Cost: 85531.64887789983
Ant 41
Route order: [ 0. 12.  7. 11. 10.  8.  6.  9.  1.  4. 14. 13.  3.  5.  2.]  --  Cost: 87170.9256066308
Ant 42
Route order: [ 0. 12.  7. 11. 10.  8.  6.  9.  1.  4. 14. 13.  3.  5.  2.]  --  Cost: 87170.9256066308
Ant 43
Route order: [ 0. 12.  7. 11. 10.  8.  6.  9.  1.  4. 14. 13.  3.  5.  2.]  --  Cost: 87170.9256066308
Ant 44
Route order: [ 0. 12.  7. 11. 10.  8.  6.  9.  1.  4. 14. 13.  3.  5.  2.]  --  Cost: 87170.9256066308
Ant 45
Route order: [ 0. 12.  7. 11. 10.  8.  6.  9.  1.  4. 14. 13.  3.  5.  2.]  --  Cost: 87170.9256066308
Ant 46
Route order: [ 0. 12.  7. 11. 10.  8.  6.  9.  1.  4. 14. 13.  3.  5.  2.]  --  Cost: 87170.9256066308
Ant 47
Route order: [ 0. 12.  7. 11. 10.  8.  6.  9.  1.  4. 14. 13.  3.  5.  2.]  --  Cost: 87170.9256066308
....
Ant 0
Route order: [ 0. 14.  4.  1.  9. 10.  8.  6. 11.  7. 12. 13.  5.  3.  2.]  --  Cost: 92955.2140022025
Ant 1
Route order: [ 0. 14.  4.  1. 13.  9.  6.  8. 10. 11.  7.  3. 12.  2.  5.]  --  Cost: 91599.21482091419
Ant 2
Route order: [ 0. 14.  4. 13.  9. 11. 10.  8.  6.  1.  7. 12.  2.  3.  5.]  --  Cost: 89160.09528164212
Ant 3
Route order: [ 0. 12. 14.  4.  3.  5. 11. 10.  8.  6.  1.  9.  7. 13.  2.]  --  Cost: 96508.9069984011
Ant 4
Route order: [ 0. 14.  4.  1.  9.  7. 11. 10.  8.  6. 12. 13.  5.  3.  2.]  --  Cost: 93778.49399684631
Ant 5
Route order: [ 0. 14.  4.  1.  9. 13. 12.  7. 11. 10.  8.  6.  5.  3.  2.]  --  Cost: 91333.15876714003
Ant 6
Route order: [ 0. 14.  4.  1.  9.  7. 11.  8. 10.  6. 12. 13.  5.  3.  2.]  --  Cost: 95683.2878365904
Ant 7
Route order: [ 0. 14.  4.  1.  9. 11.  7. 12. 13.  2.  3.  5. 10.  8.  6.]  --  Cost: 91594.59028147238
Ant 8
Route order: [ 0. 14.  4.  1.  9. 13. 12.  7. 11. 10.  8.  6.  5.  3.  2.]  --  Cost: 91333.15876714003
Ant 9
Route order: [ 0. 14.  4.  1.  9.  7. 11. 10.  8.  6. 12. 13.  2.  3.  5.]  --  Cost: 91901.2711151935
Ant 10
Route order: [ 0. 14.  4.  1.  9.  7. 11. 10.  8.  6. 13. 12.  2.  3.  5.]  --  Cost: 87504.35511536842
Ant 11
Route order: [ 0. 14.  4.  1. 12. 13.  7. 11. 10.  8.  6.  9.  5.  3.  2.]  --  Cost: 90705.27887997858
Ant 12
Route order: [ 0. 14.  4.  1.  9. 12. 13.  2.  3.  5. 11. 10.  8.  6.  7.]  --  Cost: 89633.66807783967
Ant 13
Route order: [ 0. 14.  4.  1.  9.  7. 11. 10.  8.  6. 13. 12.  3.  5.  2.]  --  Cost: 90488.18993238907
Ant 14
Route order: [ 0. 14.  4.  1.  9.  7. 11. 10.  8.  6. 13. 12.  2.  3.  5.]  --  Cost: 87504.35511536842
Ant 15
Route order: [ 0. 14.  4.  1.  9.  7. 11. 10.  8.  6. 13. 12.  5.  3.  2.]  --  Cost: 89393.4549229221
Ant 16
Route order: [ 0. 14.  4.  1.  9.  7. 11. 10.  8.  6. 13. 12.  2.  3.  5.]  --  Cost: 87504.35511536842
Ant 17
Route order: [ 0. 14.  4.  1.  9.  7. 11. 10.  8.  6. 13. 12.  5.  3.  2.]  --  Cost: 89393.4549229221
Ant 18
Route order: [ 0. 12. 13. 14.  4.  1.  9.  7. 11. 10.  8.  6.  5.  3.  2.]  --  Cost: 88882.69795334444
Ant 19
Route order: [ 0. 14.  4.  1.  9.  7. 11. 10.  8.  6. 13. 12.  5.  3.  2.]  --  Cost: 89393.4549229221
Ant 20
Route order: [ 0. 14.  4.  1.  9.  7. 11. 10.  8.  6.  5.  3.  2. 12. 13.]  --  Cost: 88187.52191497938
Ant 21
Route order: [ 0.  7. 11. 10.  8.  6.  9.  1.  4. 14. 13. 12.  3.  5.  2.]  --  Cost: 83997.09234552548
Ant 22
Route order: [ 0. 14.  4.  1.  9.  7. 11. 10.  8.  6. 13. 12.  5.  3.  2.]  --  Cost: 89393.4549229221
Ant 23
Route order: [ 0. 14.  4.  1.  9.  7. 11. 10.  8.  6.  5.  3.  2. 13. 12.]  --  Cost: 89585.75006612872
Ant 24
Route order: [ 0. 14.  4.  1.  9.  7. 11. 10.  8.  6. 13. 12.  5.  3.  2.]  --  Cost: 89393.4549229221
Ant 25
Route order: [ 0. 14.  4.  1.  9.  7. 11. 10.  8.  6. 13. 12.  2.  3.  5.]  --  Cost: 87504.35511536842
Ant 26
Route order: [ 0. 14.  4.  1.  9.  7. 11. 10.  8.  6. 13. 12.  5.  3.  2.]  --  Cost: 89393.4549229221
Ant 27
Route order: [ 0. 14.  4.  1.  9.  7. 11. 10.  8.  6. 13. 12.  5.  3.  2.]  --  Cost: 89393.4549229221
Ant 28
Route order: [ 0. 14.  4.  1.  9.  7. 11. 10.  8.  6. 13. 12.  5.  3.  2.]  --  Cost: 89393.4549229221
Ant 29
Route order: [ 0. 14.  4.  1.  9.  7. 11. 10.  8.  6. 13. 12.  5.  3.  2.]  --  Cost: 89393.4549229221
Ant 30
Route order: [ 0. 14.  4.  1.  9.  7. 11. 10.  8.  6. 13. 12.  5.  3.  2.]  --  Cost: 89393.4549229221
Ant 31
Route order: [ 0. 14.  4.  1.  9.  7. 11. 10.  8.  6. 13. 12.  5.  3.  2.]  --  Cost: 89393.4549229221
Ant 32
Route order: [ 0. 14.  4.  1.  9.  7. 11. 10.  8.  6. 13. 12.  5.  3.  2.]  --  Cost: 89393.4549229221
