Ant 0
Route order: [ 0. 12. 13. 14.  4.  1.  9.  6. 10.  8. 11.  7.  3.  5.  2.]  --  Cost: 86578.80712526612
Ant 1
Route order: [ 0. 12. 13. 14.  4.  1.  9. 11.  8. 10.  6.  7.  5.  3.  2.]  --  Cost: 88859.89162097825
Ant 2
Route order: [ 0. 12. 13.  1.  4. 14.  7. 11.  9.  6.  8. 10.  5.  3.  2.]  --  Cost: 85702.69532090498
Ant 3
Route order: [ 0. 12.  7. 11. 10.  8.  6.  9.  1.  4. 14. 13.  3.  5.  2.]  --  Cost: 87170.9256066308
Ant 4
Route order: [ 0. 12. 13. 14.  4.  1.  9.  7.  6.  8. 10. 11.  5.  3.  2.]  --  Cost: 86466.76966937786
Ant 5
Route order: [ 0.  7.  4. 14. 13.  1.  9.  6.  8. 10. 11.  5.  3. 12.  2.]  --  Cost: 86766.46657345069
Ant 6
Route order: [ 0. 12. 13. 14.  4.  1.  9.  6.  8. 10. 11.  7.  5.  3.  2.]  --  Cost: 81608.7912233732
Ant 7
Route order: [ 0. 12. 13. 14.  4.  1.  9. 10.  8.  6. 11.  5.  3.  2.  7.]  --  Cost: 87577.36492613397
Ant 8
Route order: [ 0. 12. 13.  4. 14.  7. 11.  9.  1.  6.  8. 10.  5.  3.  2.]  --  Cost: 86336.87416862659
Ant 9
Route order: [ 0. 12. 13. 14.  4.  1.  9. 11. 10.  8.  6.  7.  5.  3.  2.]  --  Cost: 86955.09778123413
Ant 10
Route order: [ 0. 12. 13. 14.  4.  1.  9.  6.  8. 10. 11.  7.  5.  3.  2.]  --  Cost: 81608.7912233732
Ant 11
Route order: [ 0. 12. 13. 14.  4.  1.  9.  6.  8. 10. 11.  7.  5.  3.  2.]  --  Cost: 81608.7912233732
Ant 12
Route order: [ 0. 14.  4.  1.  9.  6.  8. 10. 11.  7. 12. 13.  3.  5.  2.]  --  Cost: 88373.86584255949
Ant 13
Route order: [ 0. 12. 13. 14.  4.  1.  9.  6.  8. 10. 11.  7.  5.  3.  2.]  --  Cost: 81608.7912233732
Ant 14
Route order: [ 0. 12. 13.  4. 14.  7. 11.  9.  1.  6.  8. 10.  5.  3.  2.]  --  Cost: 86336.87416862659
Ant 15
Route order: [ 0. 12. 13. 14.  4.  1.  9.  6.  8. 10. 11.  7.  5.  3.  2.]  --  Cost: 81608.7912233732
Ant 16
Route order: [ 0. 12. 14.  4. 13.  1.  9.  6.  8. 10. 11.  7.  3.  5.  2.]  --  Cost: 86159.49700417827
Ant 17
Route order: [ 0. 12. 13. 14.  4.  1.  9.  6.  8. 10. 11.  5.  3.  2.  7.]  --  Cost: 81356.74003776001
Ant 18
Route order: [ 0. 12. 13. 14.  4.  1.  9.  6.  8. 10. 11.  7.  5.  3.  2.]  --  Cost: 81608.7912233732
Ant 19
Route order: [ 0. 12. 13. 14.  4.  1.  9.  6.  8. 10. 11.  7.  5.  3.  2.]  --  Cost: 81608.7912233732
Ant 20
Route order: [ 0. 12. 13.  4. 14.  1.  9.  6.  8. 10. 11.  7.  5.  3.  2.]  --  Cost: 82347.3847929877
Ant 21
Route order: [ 0. 12. 13. 14.  4.  1.  9.  6.  8. 10. 11.  7.  5.  3.  2.]  --  Cost: 81608.7912233732
Ant 22
Route order: [ 0. 12. 13. 14.  4.  1.  9.  6.  8. 10. 11.  7.  5.  3.  2.]  --  Cost: 81608.7912233732
Ant 23
Route order: [ 0. 12. 13. 14.  4.  1.  9.  6.  8. 10. 11.  7.  3.  5.  2.]  --  Cost: 84674.01328552203
Ant 24
Route order: [ 0. 12. 13. 14.  4.  1.  9.  6.  8. 10. 11.  5.  3.  2.  7.]  --  Cost: 81356.74003776001
Ant 25
Route order: [ 0. 12. 13. 14.  4.  1.  9.  6.  8. 10. 11.  7.  3.  5.  2.]  --  Cost: 84674.01328552203
Ant 26
Route order: [ 0. 12. 13. 14.  4.  1.  9.  6.  8. 10. 11.  7.  5.  3.  2.]  --  Cost: 81608.7912233732
Ant 27
Route order: [ 0. 12. 13. 14.  4.  1.  9.  7.  6.  8. 10. 11.  5.  3.  2.]  --  Cost: 86466.76966937786
Ant 28
Route order: [ 0. 12. 13. 14.  4.  1.  9.  6.  8. 10. 11.  7.  5.  3.  2.]  --  Cost: 81608.7912233732
Ant 29
Route order: [ 0. 12. 13. 14.  4.  1.  9.  6.  8. 10. 11.  7.  5.  3.  2.]  --  Cost: 81608.7912233732
Ant 30
Route order: [ 0. 12. 13. 14.  4.  1.  9.  6.  8. 10. 11.  7.  5.  3.  2.]  --  Cost: 81608.7912233732
Ant 31
Route order: [ 0. 12. 13. 14.  4.  1.  9.  6.  8. 10. 11.  7.  5.  3.  2.]  --  Cost: 81608.7912233732
---
