BETA = 3 #BETA is a parameter which weighs the relative importance of pheromone trail and of closeness
K= 50 #K is the number of ants
Q0= 0.3 #Q0 is a constant for defining the probability to take the best road or explore new one according to probability distribution
MAX_CITYS= 30 #Limit problem size to a maximun number of cities 
ALPHA= 0.1
N_MAX_CASES= 5 #When N_MAX_CASES ants converge into the same cost it is considered as a final optimal solution
ITERATIONS = 40
Incremental Q0 when best solution is found
Ant 0
Route order: [ 0.  7. 17. 15.  4. 27.  1. 21.  9. 10. 16. 22. 23. 12. 19. 25.  6. 28.
 11. 20.  8. 29. 18. 26. 24.  5.  3. 13. 14.  2.]  --  Cost: 102282.43040472243
Ant 1
Route order: [ 0. 13. 14. 15. 17.  4.  1. 21. 27. 22. 16. 23.  7. 12. 24. 26. 18. 29.
 20. 11. 28.  8. 19.  6. 25. 10.  9.  5.  3.  2.]  --  Cost: 99519.0367928379
Ant 2
Route order: [ 0. 13. 14.  4. 17. 15. 22. 16. 23.  7. 12. 26. 18. 24.  5.  3. 29. 11.
 28.  8. 20. 19.  6. 25.  9. 10.  1. 21. 27.  2.]  --  Cost: 104302.08357051777
Ant 3
Route order: [ 0. 17. 15.  4. 27. 21.  1. 16. 23. 22. 10.  9. 19. 25.  6.  8. 28. 11.
 20. 29. 26. 18. 24.  5.  3. 13. 14.  7. 12.  2.]  --  Cost: 102727.93503311378
Ant 4
Route order: [ 0. 13. 14. 27.  1. 21.  4. 17. 15. 22. 16. 23.  7. 12. 26. 24.  5.  3.
  2. 18. 29. 20. 28. 11.  8.  6. 25. 19. 10.  9.]  --  Cost: 97702.51903592746
Ant 5
Route order: [ 0. 13. 14.  4. 17. 15. 21.  1. 27. 22. 16. 23. 10.  9.  6. 25. 19. 28.
 11.  8. 20. 29. 18. 26. 24.  5.  3.  2.  7. 12.]  --  Cost: 96695.53145808766
Ant 6
Route order: [ 0. 13. 14.  4. 15. 17. 23.  7. 12. 16. 22.  9. 10. 21.  1. 27. 19. 25.
  6.  8. 20. 11. 28. 29. 18. 26. 24.  5.  3.  2.]  --  Cost: 97128.76306846485
Ant 7
Route order: [ 0. 13. 14. 15. 17.  7. 12. 20.  8. 28. 11. 29. 18. 26. 24.  5.  3.  2.
 25.  6. 19. 22. 16. 23.  9. 10. 21.  1. 27.  4.]  --  Cost: 101262.50337218831
Ant 8
Route order: [ 0. 13. 14. 15. 17.  4. 22. 16. 23.  7. 12.  9. 10. 19.  6. 25.  1. 21.
 27. 20. 11. 28.  8. 29. 18. 26. 24.  5.  3.  2.]  --  Cost: 99455.30334248184
Ant 9
Route order: [ 0. 13. 14. 15. 17.  4. 27.  1. 21.  9. 10. 19.  6. 25. 12.  7. 22. 16.
 23. 20. 11. 28.  8. 29. 18. 26. 24.  5.  3.  2.]  --  Cost: 97040.0486299058
Ant 10
Route order: [ 0. 13. 14. 15. 17.  4. 22. 16. 23.  7. 12. 29. 20. 11. 28.  8. 25.  6.
 19.  9. 10.  1. 21. 27. 18. 26. 24.  5.  3.  2.]  --  Cost: 97493.46071534039
Ant 11
Route order: [ 0. 13. 14. 15. 17.  4. 27. 21.  1.  9. 10. 19.  6. 25. 11. 28.  8. 20.
 29. 18. 26. 24.  5.  3.  2. 16. 23. 22.  7. 12.]  --  Cost: 97414.40966806388
Ant 12
Route order: [ 0. 13. 14. 17. 15.  4. 27.  1. 21.  9. 10. 19.  6. 25. 20. 28. 11.  8.
 29. 18. 26. 24.  5.  3.  7. 12. 23. 22. 16.  2.]  --  Cost: 102398.91331559262
Ant 13
Route order: [ 0. 13. 14. 15. 17.  4. 21.  1. 27. 22. 16. 23.  7. 12. 11. 28.  8. 20.
 29. 18. 26. 24.  5.  3.  2. 10.  9. 19.  6. 25.]  --  Cost: 100532.53263688082
Ant 14
Route order: [ 0. 13. 14. 15. 17.  4. 22. 16. 23.  7. 12.  1. 21. 27. 10.  9. 19.  6.
 25. 28. 11.  8. 20. 29. 18. 26. 24.  5.  3.  2.]  --  Cost: 95706.26373245471
Ant 15
Route order: [ 0. 13. 14. 15. 17.  4. 27.  1. 21.  9. 10.  7. 12. 26. 24. 18. 29. 20.
 11. 28.  8. 19.  6. 25. 23. 16. 22.  3.  5.  2.]  --  Cost: 105582.92701272693
Ant 16
Route order: [ 0. 13. 14. 15. 17.  4. 27.  1. 21.  9. 10. 16. 22. 23.  7. 12. 20. 28.
 11.  8. 29. 18. 26. 24.  5.  3.  2. 25.  6. 19.]  --  Cost: 101775.4127273587
Ant 17
Route order: [ 0. 13. 14. 15. 17.  4. 27.  1. 21.  9. 10. 19.  6. 25.  8. 20. 11. 28.
 29. 18. 26. 24.  5.  3.  2. 22. 16. 23.  7. 12.]  --  Cost: 95731.21997208394
Ant 18
Route order: [ 0. 13. 14. 15. 17.  4. 27.  1. 21. 16. 23. 22. 10.  9. 19.  6. 25.  8.
 20. 11. 28. 29. 18. 26. 24.  5.  3.  2.  7. 12.]  --  Cost: 94655.62994917326
Ant 19
Route order: [ 0. 13. 14. 15. 17.  4. 27.  1. 21.  9. 10. 23. 22. 16.  7. 12.  5.  3.
  2. 24. 26. 18. 29. 11. 28.  8. 20. 19.  6. 25.]  --  Cost: 99670.50242996545
Ant 20
Route order: [ 0. 13. 14. 15. 17.  4. 27.  1. 21.  9. 10. 19.  6. 25.  8. 28. 11. 20.
 29. 18. 26. 24.  5.  3.  2. 22. 16. 23.  7. 12.]  --  Cost: 94372.91040408907
Ant 21
Route order: [ 0. 13. 14. 15. 17.  4. 27.  1. 21.  9. 10. 16. 22. 23.  7. 12. 26. 24.
  5.  3.  2. 11. 28.  8. 20. 29. 18.  6. 25. 19.]  --  Cost: 110437.6811226295
Ant 22
Route order: [ 0. 13. 14. 15. 17.  4. 27.  1. 21.  9. 10. 16. 22. 23.  7. 12. 20. 11.
 28.  8. 29. 18. 26. 24.  5.  3.  2. 25.  6. 19.]  --  Cost: 101259.41826778371
Ant 23
Route order: [ 0. 13. 14. 15. 17.  4. 27.  1. 21.  9. 10. 16. 22. 23.  7. 12. 26. 24.
  5.  3.  2. 25.  6. 19. 20. 11. 28.  8. 29. 18.]  --  Cost: 105198.5470724762
Ant 24
Route order: [ 0. 13. 14. 15. 17.  4. 27.  1. 21.  9. 10. 16. 22. 23.  7. 12. 26. 24.
  5.  3.  2. 18. 29.  8. 20. 11. 28.  6. 25. 19.]  --  Cost: 102125.97386967004
Ant 25
Route order: [ 0. 13. 14. 15. 17.  4. 27.  1. 21.  9. 10. 16. 23.  7. 12. 24.  5.  3.
  2. 18. 26. 11. 28.  8. 20. 29. 19.  6. 25. 22.]  --  Cost: 105505.89657658098
Ant 26
Route order: [ 0. 13. 14. 15. 17.  4. 27.  1. 21.  9. 10. 16. 22. 23.  7. 12. 26. 24.
  5.  3.  2.  6. 25. 19. 20. 11. 28.  8. 29. 18.]  --  Cost: 105083.03373984146
Ant 27
Route order: [ 0. 13. 14. 15. 17.  4. 27.  1. 21.  9. 10. 16. 22. 23.  7. 12. 26. 24.
  5.  3.  2. 18. 29. 20. 11. 28.  8.  6. 25. 19.]  --  Cost: 98829.48160205502
Ant 28
Route order: [ 0. 13. 14.  4. 27.  1. 21.  9. 10. 16. 22. 23.  7. 12. 29. 18. 26. 24.
  5.  3.  2. 15. 17. 11. 28.  8. 20. 25.  6. 19.]  --  Cost: 105621.73613362532
Ant 29
Route order: [ 0. 13. 14. 15. 17.  4. 27.  1. 21.  9. 10. 16. 22. 23.  7. 12. 26. 24.
  5.  3.  2. 18. 29. 20. 11. 28.  8.  6. 25. 19.]  --  Cost: 98829.48160205502
Ant 30
Route order: [ 0. 13. 14. 15. 17.  4. 27.  1. 21.  9. 10. 16. 22. 23.  7. 12. 26. 24.
  5.  3.  2. 18. 29. 20. 11. 28.  8. 25.  6. 19.]  --  Cost: 98588.90177315907
Ant 31
Route order: [ 0. 13. 14. 15. 17.  4. 27.  1. 21.  9. 10. 16. 22. 23.  7. 12. 26. 24.
  5.  3.  2.  6. 25. 19. 20. 11. 28.  8. 29. 18.]  --  Cost: 105083.03373984146
Ant 32
Route order: [ 0. 13. 14. 15. 17.  4. 27.  1. 21.  9. 10. 16. 22. 23.  7. 12. 26. 24.
  5.  3.  2. 25.  6. 19. 20. 11. 28.  8. 29. 18.]  --  Cost: 105198.5470724762
Ant 33
Route order: [ 0. 13. 14. 15. 17.  4. 27.  1. 21.  9. 10. 16. 22. 23.  7. 12. 26. 24.
  5.  3.  2. 18. 29. 20. 11. 28.  8. 19.  6. 25.]  --  Cost: 99617.28024911723
Ant 34
Route order: [ 0. 13. 14. 15. 17.  4. 27.  1. 21.  9. 10. 16. 22. 23.  7. 12. 26. 24.
  5.  3.  2. 25.  6. 19.  8. 20. 11. 28. 29. 18.]  --  Cost: 106189.72519729615
Ant 35
Route order: [ 0. 13. 14. 15. 17.  4. 27.  1. 21.  9. 10. 16. 23.  7. 12. 26. 24.  5.
  3.  2. 18. 29. 20. 11. 28.  8. 19.  6. 25. 22.]  --  Cost: 99325.62566165382
Ant 36
Route order: [ 0. 13. 14. 15. 17.  4. 27.  1. 21.  9. 10. 16. 22. 23.  7. 12. 26. 24.
  5.  3.  2. 28. 11.  8. 20. 29. 18. 19.  6. 25.]  --  Cost: 110379.98858984874
Ant 37
Route order: [ 0. 13. 14. 15. 17.  4. 27.  1. 21.  9. 10. 16. 22. 23.  7. 12. 26. 24.
  5.  3.  2. 18. 29. 20. 11. 28.  8. 19.  6. 25.]  --  Cost: 99617.28024911723
Ant 38
Route order: [ 0. 13. 14. 15. 17.  4. 27.  1. 21.  9. 10. 16. 22. 23.  7. 12. 26. 24.
  5.  3.  2. 18. 29. 20. 11. 28.  8. 19.  6. 25.]  --  Cost: 99617.28024911723
Ant 39
Route order: [ 0. 13. 14. 15. 17.  4. 27.  1. 21.  9. 10. 16. 22. 23.  7. 12. 26. 24.
  5.  3.  2. 18. 29. 20. 11. 28.  8. 19.  6. 25.]  --  Cost: 99617.28024911723
Ant 40
Route order: [ 0. 13. 14. 15. 17.  4. 27.  1. 21.  9. 10. 16. 22. 23.  7. 12. 26. 24.
  5.  3.  2. 18. 29. 20. 11. 28.  8. 19.  6. 25.]  --  Cost: 99617.28024911723
Ant 41
Route order: [ 0. 13. 14. 15. 17.  4. 27.  1. 21.  9. 10. 16. 22. 23.  7. 12. 26. 24.
  5.  3.  2. 18. 29. 20. 11. 28.  8. 19.  6. 25.]  --  Cost: 99617.28024911723
