BETA = 3 #BETA is a parameter which weighs the relative importance of pheromone trail and of closeness
K= 50 #K is the number of ants
Q0= 0.3 #Q0 is a constant for defining the probability to take the best road or explore new one according to probability distribution
ALPHA= 0.1
N_MAX_CASES= 7 #When N_MAX_CASES ants converge into the same cost it is considered as a final optimal solution
ITERATIONS = 20
Increase q0 always

Ant 0
Route order: [ 0. 12. 14.  4. 13.  1.  9. 11.  7.  6.  8. 10.  5.  3.  2.]  --  Cost: 89899.82147439191
Ant 1
Route order: [ 0. 12.  7. 11.  9.  1. 13. 14.  4.  6.  8. 10.  5.  3.  2.]  --  Cost: 88860.62449314995
Ant 2
Route order: [ 0. 12.  4. 14. 13.  9.  1. 11.  7.  6.  8. 10.  5.  3.  2.]  --  Cost: 94133.27000517087
Ant 3
Route order: [ 0. 12. 14.  4. 13.  1.  9.  6.  8. 10. 11.  7.  5.  3.  2.]  --  Cost: 83094.27494202944
Ant 4
Route order: [ 0. 12. 13.  4. 14.  7. 11. 10.  8.  6.  9.  1.  5.  3.  2.]  --  Cost: 86908.15202628876
Ant 5
Route order: [ 0. 12. 14.  4. 13.  1.  9. 11.  7.  5.  3.  2. 10.  8.  6.]  --  Cost: 95291.96417928563
Ant 6
Route order: [ 0. 12.  4. 14. 13.  1.  9. 11.  7.  5.  3.  2. 10.  8.  6.]  --  Cost: 95914.81892595306
Ant 7
Route order: [ 0. 12.  4. 14. 13.  1.  9.  6.  8. 10.  7. 11.  5.  3.  2.]  --  Cost: 87048.5952954551
Ant 8
Route order: [ 0. 12. 14.  4. 13.  1.  9. 11.  7.  5.  3.  2. 10.  8.  6.]  --  Cost: 95291.96417928563
Ant 9
Route order: [ 0. 12. 13.  4. 14.  7.  5.  3.  2. 10.  8.  6.  1.  9. 11.]  --  Cost: 92788.48606073255
Ant 10
Route order: [ 0. 12. 14.  4. 13.  1.  9. 11.  7.  5.  3.  2. 10.  8.  6.]  --  Cost: 95291.96417928563
Ant 11
Route order: [ 0. 12. 14.  4. 13.  1.  9. 11.  7.  5.  3.  2. 10.  8.  6.]  --  Cost: 95291.96417928563
Ant 12
Route order: [ 0. 12. 13.  4. 14.  7. 11. 10.  8.  6.  1.  9.  5.  3.  2.]  --  Cost: 87329.72686863056
Ant 13
Route order: [ 0. 12. 14.  4. 13.  1.  9. 11.  7.  5.  3.  2. 10.  8.  6.]  --  Cost: 95291.96417928563
Ant 14
Route order: [ 0. 12. 14.  4. 13.  1.  9. 11.  7.  5.  3.  2. 10.  8.  6.]  --  Cost: 95291.96417928563
Ant 15
Route order: [ 0. 12.  4. 14.  7.  5.  3.  2. 10.  8.  6.  9. 11.  1. 13.]  --  Cost: 95077.60434094009
Ant 16
Route order: [ 0. 12.  4. 14. 13.  1.  9. 10.  8.  6. 11.  7.  5.  3.  2.]  --  Cost: 89937.75457707082
Ant 17
Route order: [ 0. 12.  7.  5.  3.  2. 10.  8.  6.  9. 11. 14.  4. 13.  1.]  --  Cost: 94635.91194109463
Ant 18
Route order: [ 0. 12. 13.  1.  9. 11.  7.  5.  3.  2. 10.  8.  6.  4. 14.]  --  Cost: 92978.50702101995
Ant 19
Route order: [ 0. 12. 13.  1.  9. 11.  7.  5.  3.  2. 10.  8.  6.  4. 14.]  --  Cost: 92978.50702101995
Ant 20
Route order: [ 0. 12. 14.  4. 13.  1.  9. 11.  7.  5.  3.  2. 10.  8.  6.]  --  Cost: 95291.96417928563
Ant 21
Route order: [ 0. 12. 14.  4. 13.  1.  9. 11.  7.  5.  3.  2. 10.  8.  6.]  --  Cost: 95291.96417928563
Ant 22
Route order: [ 0. 12. 14.  4. 13.  1.  9. 11.  7.  5.  3.  2. 10.  8.  6.]  --  Cost: 95291.96417928563
Ant 23
Route order: [ 0. 12. 14.  4. 13.  1.  9. 11.  7.  5.  3.  2. 10.  8.  6.]  --  Cost: 95291.96417928563
Ant 24
Route order: [ 0. 12. 13.  1.  9. 11.  7.  5.  3.  2. 10.  8.  6. 14.  4.]  --  Cost: 94278.54517623402
Ant 25
Route order: [ 0. 12. 14.  4. 13.  1.  9. 11.  7.  5.  3.  2. 10.  8.  6.]  --  Cost: 95291.96417928563
Ant 26
Route order: [ 0. 12. 14.  4. 13.  1.  9. 11.  7.  5.  3.  2. 10.  8.  6.]  --  Cost: 95291.96417928563
Ant 27
Route order: [ 0. 12. 14.  4. 13.  1.  9. 11.  7.  5.  3.  2. 10.  8.  6.]  --  Cost: 95291.96417928563
Ant 28
Route order: [ 0. 12. 14.  4. 13.  1.  9. 11.  7.  5.  3.  2. 10.  8.  6.]  --  Cost: 95291.96417928563
Ant 29
Route order: [ 0. 12. 14.  4. 13.  1.  9. 11.  7.  5.  3.  2. 10.  8.  6.]  --  Cost: 95291.96417928563
Ant 30
Route order: [ 0. 12. 14.  4. 13.  1.  9. 11.  7.  5.  3.  2. 10.  8.  6.]  --  Cost: 95291.96417928563
Ant 31
Route order: [ 0. 12. 14.  4. 13.  1.  9. 11.  7.  5.  3.  2. 10.  8.  6.]  --  Cost: 95291.96417928563
....
Ant 0
Route order: [ 0.  7. 14.  4.  1.  9. 11. 10.  8.  6.  5.  3.  2. 12. 13.]  --  Cost: 87961.22510986427
Ant 1
Route order: [ 0.  7. 11. 10.  8.  6.  9.  4. 14. 13.  1.  2.  3.  5. 12.]  --  Cost: 87268.44176287873
Ant 2
Route order: [ 0. 14.  4. 13.  1.  9. 11. 10.  8.  6.  7. 12.  3.  5.  2.]  --  Cost: 91077.64972481757
Ant 3
Route order: [ 0.  7. 14.  4. 13.  1.  9. 11. 10.  8.  6.  5.  3.  2. 12.]  --  Cost: 87249.59537877385
Ant 4
Route order: [ 0. 14.  4. 13. 12.  7. 11. 10.  8.  6.  9.  1.  3.  5.  2.]  --  Cost: 90437.08736617275
Ant 5
Route order: [ 0. 12. 13. 14.  4.  1.  9. 11. 10.  8.  6.  7.  5.  3.  2.]  --  Cost: 86955.09778123413
Ant 6
Route order: [ 0.  7.  3.  5. 11. 10.  8.  6.  9.  1.  4. 14. 13. 12.  2.]  --  Cost: 86073.1416378461
Ant 7
Route order: [ 0. 14.  4. 13. 12.  7. 11. 10.  8.  6.  1.  9.  5.  3.  2.]  --  Cost: 88301.6384136783
Ant 8
Route order: [ 0. 12. 13.  4. 14.  7. 11. 10.  8.  6.  1.  9.  5.  3.  2.]  --  Cost: 87329.72686863056
Ant 9
Route order: [ 0. 12. 13.  4. 14.  7. 11. 10.  8.  6.  9.  1.  3.  2.  5.]  --  Cost: 88751.75300410487
Ant 10
Route order: [ 0.  7. 11. 10.  8.  6.  9.  1.  3.  5.  2. 12. 13.  4. 14.]  --  Cost: 87296.03077528617
Ant 11
Route order: [ 0.  7. 11. 10.  8.  6.  9.  1.  4. 14. 13. 12.  3.  5.  2.]  --  Cost: 83997.09234552548
Ant 12
Route order: [ 0.  7. 11. 10.  8.  6.  9.  1.  4. 14. 13. 12.  3.  5.  2.]  --  Cost: 83997.09234552548
Ant 13
Route order: [ 0.  7. 11. 10.  8.  6.  9.  1.  4. 14. 13. 12.  3.  5.  2.]  --  Cost: 83997.09234552548
Ant 14
Route order: [ 0.  7. 11. 10.  8.  6.  9.  1.  4. 14. 13. 12.  3.  5.  2.]  --  Cost: 83997.09234552548
Ant 15
Route order: [ 0.  7. 11. 10.  8.  6.  9.  1.  4. 14. 13. 12.  3.  5.  2.]  --  Cost: 83997.09234552548
Ant 16
Route order: [ 0.  7. 11. 10.  8.  6.  9.  1.  4. 14. 13. 12.  3.  5.  2.]  --  Cost: 83997.09234552548
Ant 17
Route order: [ 0.  7. 11. 10.  8.  6.  9.  1.  4. 14. 13. 12.  3.  5.  2.]  --  Cost: 83997.09234552548
....
Ant 0
Route order: [ 0. 12. 14.  4.  1.  9.  7. 11. 10.  8.  6. 13.  3.  5.  2.]  --  Cost: 93413.25609071949
Ant 1
Route order: [ 0. 12. 14.  4.  1.  9.  7. 11. 10.  8.  6. 13.  5.  3.  2.]  --  Cost: 91773.97936198855
Ant 2
Route order: [ 0.  4. 14. 13.  7. 11. 10.  8.  6.  9.  1. 12.  3.  5.  2.]  --  Cost: 89498.68533644307
Ant 3
Route order: [ 0. 14.  4.  1.  9.  7. 11. 10.  8.  6. 13. 12.  3.  5.  2.]  --  Cost: 90488.18993238907
Ant 4
Route order: [ 0. 12.  3.  5.  7. 11. 10.  8.  6.  9.  1. 14.  4. 13.  2.]  --  Cost: 88518.69610712992
Ant 5
Route order: [ 0. 12.  3.  5.  7. 11. 10.  8.  6.  9.  1.  4. 14. 13.  2.]  --  Cost: 87780.1025375154
Ant 6
Route order: [ 0.  7. 11. 10.  8.  6.  9.  1.  4. 14. 13. 12.  3.  5.  2.]  --  Cost: 83997.09234552548
Ant 7
Route order: [ 0. 14.  4.  1.  9.  7. 11. 10.  8.  6. 13. 12.  3.  5.  2.]  --  Cost: 90488.18993238907
Ant 8
Route order: [ 0. 14.  4.  1.  9.  7. 11. 10.  8.  6. 13. 12.  3.  5.  2.]  --  Cost: 90488.18993238907
Ant 9
Route order: [ 0. 12.  3.  5.  7. 11. 10.  8.  6.  9.  1.  4. 14. 13.  2.]  --  Cost: 87780.1025375154
Ant 10
Route order: [ 0. 12.  7. 11. 10.  8.  6.  9.  1.  4. 13. 14.  5.  3.  2.]  --  Cost: 85481.02262554789
Ant 11
Route order: [ 0. 12.  3.  5.  7. 11. 10.  8.  6.  9.  1.  4. 14. 13.  2.]  --  Cost: 87780.1025375154
Ant 12
Route order: [ 0.  7. 11. 10.  8.  6.  9.  1.  4. 14. 13. 12.  3.  5.  2.]  --  Cost: 83997.09234552548
Ant 13
Route order: [ 0. 12.  3.  5.  7. 11. 10.  8.  6.  9.  1.  4. 14. 13.  2.]  --  Cost: 87780.1025375154
Ant 14
Route order: [ 0. 12.  3.  5.  7. 11. 10.  8.  6.  9.  1.  4. 14. 13.  2.]  --  Cost: 87780.1025375154
Ant 15
Route order: [ 0. 14.  4.  1.  9.  7. 11. 10.  8.  6. 13. 12.  3.  5.  2.]  --  Cost: 90488.18993238907
Ant 16
Route order: [ 0. 12.  3.  5.  7. 11. 10.  8.  6.  9.  1.  4. 14. 13.  2.]  --  Cost: 87780.1025375154
Ant 17
Route order: [ 0. 12.  3.  5.  7. 11. 10.  8.  6.  9.  1.  4. 14. 13.  2.]  --  Cost: 87780.1025375154
Ant 18
Route order: [ 0. 12.  3.  5.  7. 11. 10.  8.  6.  9.  1.  4. 14. 13.  2.]  --  Cost: 87780.1025375154
Ant 19
Route order: [ 0. 12.  3.  5.  7. 11. 10.  8.  6.  9.  1.  4. 14. 13.  2.]  --  Cost: 87780.1025375154
Ant 20
Route order: [ 0.  7. 11. 10.  8.  6.  9.  1.  4. 14. 13. 12.  3.  5.  2.]  --  Cost: 83997.09234552548
Ant 21
Route order: [ 0. 12.  3.  5.  7. 11. 10.  8.  6.  9.  1.  4. 14. 13.  2.]  --  Cost: 87780.1025375154
Ant 22
Route order: [ 0. 12.  3.  5.  7. 11. 10.  8.  6.  9.  1.  4. 14. 13.  2.]  --  Cost: 87780.1025375154
Ant 23
Route order: [ 0. 12.  3.  5.  7. 11. 10.  8.  6.  9.  1.  4. 14. 13.  2.]  --  Cost: 87780.1025375154
Ant 24
Route order: [ 0. 12.  3.  5.  7. 11. 10.  8.  6.  9.  1.  4. 14. 13.  2.]  --  Cost: 87780.1025375154
Ant 25
Route order: [ 0. 12.  3.  5.  7. 11. 10.  8.  6.  9.  1.  4. 14. 13.  2.]  --  Cost: 87780.1025375154
Ant 26
Route order: [ 0. 12.  3.  5.  7. 11. 10.  8.  6.  9.  1.  4. 14. 13.  2.]  --  Cost: 87780.1025375154
Ant 27
Route order: [ 0. 12.  3.  5.  7. 11. 10.  8.  6.  9.  1.  4. 14. 13.  2.]  --  Cost: 87780.1025375154
....
Ant 0
Route order: [ 0. 14.  4.  1.  9.  6. 10.  8.  5.  3.  7. 11. 13. 12.  2.]  --  Cost: 94978.17832918177
Ant 1
Route order: [ 0. 14.  4.  1.  9.  6.  8. 10.  5.  3.  7. 12. 13. 11.  2.]  --  Cost: 98041.74729224603
Ant 2
Route order: [ 0. 13. 14.  4.  1.  9.  6. 10.  8. 11.  7. 12.  3.  5.  2.]  --  Cost: 87144.82650186244
Ant 3
Route order: [ 0. 14.  4.  1.  9. 12. 13.  7. 11. 10.  8.  6.  5.  3.  2.]  --  Cost: 93544.27213281783
Ant 4
Route order: [ 0. 14.  4.  1.  9.  6. 10.  8. 11.  7.  5.  2.  3. 12. 13.]  --  Cost: 85088.82102475279
Ant 5
Route order: [ 0. 13. 12.  7. 11.  9. 14.  4.  1.  6. 10.  8.  5.  3.  2.]  --  Cost: 91301.93535510584
Ant 6
Route order: [ 0. 12. 13.  4.  7. 14.  9. 11.  5.  3.  2.  1.  6. 10.  8.]  --  Cost: 98875.42392063525
Ant 7
Route order: [ 0.  7. 11.  4. 14. 13.  1.  9.  6. 10.  8.  5.  3. 12.  2.]  --  Cost: 92993.16727901818
Ant 8
Route order: [ 0. 12. 13.  4. 14.  1.  9.  6. 10.  8. 11.  7.  3.  5.  2.]  --  Cost: 87317.40069488063
Ant 9
Route order: [ 0. 12. 13. 14.  4.  1.  9.  7. 11.  6. 10.  8.  5.  3.  2.]  --  Cost: 89321.88154572627
Ant 10
Route order: [ 0. 14.  4.  1.  9.  6. 10.  8.  7. 11.  5.  3. 12. 13.  2.]  --  Cost: 94157.84253648543
Ant 11
Route order: [ 0. 14.  4.  1.  9. 11.  5.  3. 12. 13.  7. 10.  8.  6.  2.]  --  Cost: 101689.46516866703
Ant 12
Route order: [ 0. 14.  4.  1.  9.  6. 10.  8. 11.  7. 12. 13.  2.  3.  5.]  --  Cost: 86762.16007191982
Ant 13
Route order: [ 0. 14.  4.  1.  9.  6. 10.  8. 11.  7. 12. 13.  2.  3.  5.]  --  Cost: 86762.16007191982
Ant 14
Route order: [ 0. 12. 13. 14.  4.  1.  9.  6. 10.  8. 11.  7.  5.  3.  2.]  --  Cost: 83513.5850631173
Ant 15
Route order: [ 0. 14.  4.  1.  9.  6. 10.  8. 11.  7. 12.  3.  5.  2. 13.]  --  Cost: 87847.87861464673
Ant 16
Route order: [ 0. 14.  4.  1.  9.  6. 10.  8. 11.  7. 12. 13.  3.  5.  2.]  --  Cost: 90278.65968230361
Ant 17
Route order: [ 0. 12. 13. 14.  4.  1.  9.  6. 10.  8. 11.  7.  5.  3.  2.]  --  Cost: 83513.5850631173
Ant 18
Route order: [ 0. 12. 13. 14.  4.  1.  9.  6. 10.  8. 11.  7.  5.  3.  2.]  --  Cost: 83513.5850631173
Ant 19
Route order: [ 0. 14.  4.  1.  9. 11.  7. 12. 13.  2.  3.  5.  8. 10.  6.]  --  Cost: 93820.52949499704
Ant 20
Route order: [ 0. 13. 14.  4.  1.  9.  6. 10.  8. 11.  7. 12.  5.  3.  2.]  --  Cost: 86050.09149239544
Ant 21
Route order: [ 0. 14.  4.  1.  9.  6. 10.  8. 11.  7. 12. 13.  3.  5.  2.]  --  Cost: 90278.65968230361
Ant 22
Route order: [ 0. 12. 13. 14.  4.  1.  9.  6. 10.  8. 11.  7.  3.  5.  2.]  --  Cost: 86578.80712526612
Ant 23
Route order: [ 0. 14.  4.  1.  9.  6. 10.  8. 11.  7. 12. 13.  3.  5.  2.]  --  Cost: 90278.65968230361
Ant 24
Route order: [ 0. 14.  4.  1.  9.  6. 10.  8. 11.  7. 12. 13.  3.  5.  2.]  --  Cost: 90278.65968230361
Ant 25
Route order: [ 0. 12. 13. 14.  4.  1.  9.  6. 10.  8. 11.  7.  5.  3.  2.]  --  Cost: 83513.5850631173
Ant 26
Route order: [ 0. 14.  4.  1.  9.  6. 10.  8. 11.  7. 12. 13.  3.  5.  2.]  --  Cost: 90278.65968230361
Ant 27
Route order: [ 0. 14.  4.  1.  9.  6. 10.  8. 11.  7. 12. 13.  3.  5.  2.]  --  Cost: 90278.65968230361
Ant 28
Route order: [ 0. 14.  4.  1.  9.  6. 10.  8. 11.  7. 12. 13.  3.  5.  2.]  --  Cost: 90278.65968230361
Ant 29
Route order: [ 0. 14.  4.  1.  9.  6. 10.  8. 11.  7. 12. 13.  3.  5.  2.]  --  Cost: 90278.65968230361
Ant 30
Route order: [ 0. 14.  4.  1.  9.  6. 10.  8. 11.  7. 12. 13.  3.  5.  2.]  --  Cost: 90278.65968230361
Ant 31
Route order: [ 0. 14.  4.  1.  9.  6. 10.  8. 11.  7. 12. 13.  3.  5.  2.]  --  Cost: 90278.65968230361
Ant 32
Route order: [ 0. 14.  4.  1.  9.  6. 10.  8. 11.  7. 12. 13.  3.  5.  2.]  --  Cost: 90278.65968230361
