
BETA = 8 #BETA is a parameter which weighs the relative importance of pheromone trail and of closeness
K= 50 #K is the number of ants
Q0= 0.5 #Q0 is a constant for defining the probability to take the best road or explore new one according to probability distribution
MAX_CITYS= 30 #Limit problem size to a maximun number of cities 
ALPHA= 0.1
N_MAX_CASES= 10 #When N_MAX_CASES ants converge into the same cost it is considered as a final optimal solution
Iterations= 100
Ant 0
Route order: [ 0. 13. 14. 15. 17.  4. 27.  1. 21. 10.  9. 16. 22. 23.  7. 12. 29. 18.
 26. 24.  5.  3. 20. 11. 28.  8. 19.  6. 25.  2.]  --  Cost: 109843.90531217493
Ant 1
Route order: [ 0. 13. 17. 15.  4. 27.  1. 21. 16. 22. 23.  7. 12. 29. 20. 28. 11.  8.
 25.  6. 19.  9. 10. 14.  3.  5. 24. 26. 18.  2.]  --  Cost: 103989.5065858346
Ant 2
Route order: [ 0. 13. 14. 15. 17.  4. 27.  1. 21. 16. 22. 23.  7. 12. 29. 20. 11. 28.
  8. 19.  6. 25.  9. 10. 26. 24. 18.  5.  3.  2.]  --  Cost: 97775.7469158427
Ant 3
Route order: [ 0. 13. 14. 15. 17.  4. 27.  1. 21. 16. 22. 23.  7. 12. 29. 20. 11. 28.
  8. 19.  6. 25. 10.  9. 24. 26. 18.  5.  3.  2.]  --  Cost: 97556.84694807653
Ant 4
Route order: [ 0. 13. 14. 15. 17.  4. 27.  1. 21. 16. 22. 23.  7. 12. 29. 20. 11. 28.
  8. 19.  6. 25. 10.  9. 24. 26. 18.  5.  3.  2.]  --  Cost: 97556.84694807653
Ant 5
Route order: [ 0. 13. 14. 15. 17.  4. 27.  1. 21. 16. 22. 23.  7. 12. 29. 20. 11. 28.
  8. 19.  6. 25. 10.  9. 18. 26. 24.  5.  3.  2.]  --  Cost: 96347.09094456784
Ant 6
Route order: [ 0. 13. 14. 15. 17.  4. 27.  1. 21. 16. 22. 23.  7. 12. 29. 20. 11. 28.
  8. 19.  6. 25. 10.  9. 24. 26. 18.  5.  3.  2.]  --  Cost: 97556.84694807653
Ant 7
Route order: [ 0. 13. 14. 15. 17.  4. 27.  1. 21. 16. 22. 23.  7. 12. 29. 20. 11. 28.
  8. 19.  6. 25. 10.  9. 24. 26. 18.  5.  3.  2.]  --  Cost: 97556.84694807653
Ant 8
Route order: [ 0. 13. 14. 15. 17.  4. 27.  1. 21. 16. 22. 23.  7. 12. 29. 20. 11. 28.
  8. 19.  6. 25. 10.  9. 24. 26. 18.  5.  3.  2.]  --  Cost: 97556.84694807653
Ant 9
Route order: [ 0. 13. 14. 15. 17.  4. 27.  1. 21. 16. 22. 23.  7. 12. 29. 20. 11. 28.
  8. 19.  6. 25. 10.  9. 24. 26. 18.  5.  3.  2.]  --  Cost: 97556.84694807653
Ant 10
Route order: [ 0. 13. 14. 15. 17.  4. 27.  1. 21. 16. 22. 23.  7. 12. 29. 20. 11. 28.
  8. 19.  6. 25. 10.  9. 24. 26. 18.  5.  3.  2.]  --  Cost: 97556.84694807653
Ant 11
Route order: [ 0. 13. 14. 15. 17.  4. 27.  1. 21. 16. 22. 23.  7. 12. 29. 20. 11. 28.
  8. 19.  6. 25. 10.  9. 24. 26. 18.  5.  3.  2.]  --  Cost: 97556.84694807653
Ant 12
Route order: [ 0. 13. 14. 15. 17.  4. 27.  1. 21. 16. 22. 23.  7. 12. 29. 20. 11. 28.
  8. 19.  6. 25. 10.  9. 24. 26. 18.  5.  3.  2.]  --  Cost: 97556.84694807653
Ant 13
Route order: [ 0. 13. 14. 15. 17.  4. 27.  1. 21. 16. 22. 23.  7. 12. 29. 20. 11. 28.
  8. 19.  6. 25. 10.  9. 24. 26. 18.  5.  3.  2.]  --  Cost: 97556.84694807653
Ant 14
Route order: [ 0. 13. 14. 15. 17.  4. 27.  1. 21. 16. 22. 23.  7. 12. 29. 20. 11. 28.
  8. 19.  6. 25. 10.  9. 24. 26. 18.  5.  3.  2.]  --  Cost: 97556.84694807653
Ant 15
Route order: [ 0. 13. 14. 15. 17.  4. 27.  1. 21. 16. 22. 23.  7. 12. 29. 20. 11. 28.
  8. 19.  6. 25. 10.  9. 24. 26. 18.  5.  3.  2.]  --  Cost: 97556.84694807653
