BETA = 5 #BETA is a parameter which weighs the relative importance of pheromone trail and of closeness
K= 50 #K is the number of ants
Q0= 0.3 #Q0 is a constant for defining the probability to take the best road or explore new one according to probability distribution
MAX_CITYS= 30 #Limit problem size to a maximun number of cities 
ALPHA= 0.1
N_MAX_CASES= 5 #When N_MAX_CASES ants converge into the same cost it is considered as a final optimal solution
ITERATIONS = 40
Incremental Q0 every iteration
Ant 0
Route order: [ 0. 17. 15.  4. 21.  1. 27. 14. 13.  3.  5. 26. 24. 18. 29.  8. 28. 11.
 20. 12.  7. 23. 16. 22. 10.  9. 19.  6. 25.  2.]  --  Cost: 104796.86885628907
Ant 1
Route order: [ 0. 17. 15. 14.  4. 21.  1. 27. 22. 16. 23.  7. 12.  9. 10. 19.  6. 25.
 20. 11. 28.  8. 29. 18. 26. 24.  5.  3. 13.  2.]  --  Cost: 97773.31496102954
Ant 2
Route order: [ 0. 17. 15.  4. 21.  1. 27. 14. 16. 22. 23.  7. 12.  9. 10. 25.  6. 19.
 20. 11. 28.  8. 29. 18. 26. 24.  5.  3. 13.  2.]  --  Cost: 98049.22315172851
Ant 3
Route order: [ 0. 13. 17. 15.  4. 16. 22. 27.  1. 21. 10.  9. 19.  6. 25. 20. 11. 28.
  8. 29. 18. 26. 24.  5. 12.  7. 23. 14.  3.  2.]  --  Cost: 101418.44075811509
Ant 4
Route order: [ 0. 17. 15.  4. 22. 16. 23.  7. 12. 29. 20. 28. 11.  8. 19.  6. 25. 10.
  9.  1. 21. 27. 14. 13.  3.  5. 24. 26. 18.  2.]  --  Cost: 99642.10683941192
Ant 5
Route order: [ 0. 17. 15.  4. 16. 22. 23.  7. 12. 18. 26. 24.  5.  3. 13. 14. 27. 21.
  1.  9. 10. 19.  6. 25. 20. 11. 28.  8. 29.  2.]  --  Cost: 103110.4382989982
Ant 6
Route order: [ 0. 17. 15.  4. 23.  7. 12. 29. 18. 26. 24.  5.  3. 13. 14. 27.  1. 21.
 22. 16. 10.  9. 19.  6. 25. 20. 11. 28.  8.  2.]  --  Cost: 107284.57882093769
Ant 7
Route order: [ 0. 17. 15.  4. 23. 16. 22. 27.  1. 21.  9. 10. 19.  6. 25. 20. 11. 28.
  8. 29. 18. 26. 24.  5.  3. 13. 14.  7. 12.  2.]  --  Cost: 103621.95501399046
Ant 8
Route order: [ 0. 17. 15.  4. 22. 16. 23.  7. 12. 26. 24. 18. 29. 20. 11. 28.  8. 19.
  6. 25. 10.  9.  1. 21. 27. 14. 13.  5.  3.  2.]  --  Cost: 97289.89316495863
Ant 9
Route order: [ 0. 17. 15.  4. 22. 16. 23.  7. 12. 29. 20. 11. 28.  8. 19.  6. 25. 10.
  9.  1. 21. 27. 14. 13.  3.  5. 24. 26. 18.  2.]  --  Cost: 99126.11237983697
Ant 10
Route order: [ 0. 17. 15.  4. 22. 16. 23.  7. 12. 29. 11. 28.  8. 20. 19.  6. 25. 10.
  9. 21.  1. 27. 14. 13.  3.  5. 24. 26. 18.  2.]  --  Cost: 98882.40168888727
Ant 11
Route order: [ 0. 17. 15.  4. 22. 16. 23.  7. 12. 29. 18. 26. 24.  5.  3. 13. 14. 27.
  1. 21.  9. 10. 19.  6. 25. 20. 11. 28.  8.  2.]  --  Cost: 106109.13997546656
Ant 12
Route order: [ 0. 17. 15.  4. 22. 16. 23.  7. 12. 29. 18. 26. 24.  5.  3. 13. 14. 27.
 21.  1. 10.  9. 19.  6. 25. 20. 11. 28.  8.  2.]  --  Cost: 106027.29517899337
Ant 13
Route order: [ 0. 17. 15.  4. 22. 16. 23.  7. 12. 29. 11. 28.  8. 20. 18. 26. 24.  5.
  3. 13. 14. 27.  1. 21.  9. 10. 19.  6. 25.  2.]  --  Cost: 105553.48491691824
Ant 14
Route order: [ 0. 17. 15.  4. 22. 16. 23.  7. 12. 29. 18. 26. 24.  5.  3. 13. 14. 27.
  1. 21.  9. 10. 19.  6. 25. 20. 11. 28.  8.  2.]  --  Cost: 106109.13997546656
Ant 15
Route order: [ 0. 17. 15.  4. 22. 16. 23.  7. 12. 29. 18. 26. 24.  5.  3. 13. 14. 27.
  1. 21.  9. 10. 19.  6. 25. 20. 11. 28.  8.  2.]  --  Cost: 106109.13997546656
Ant 16
Route order: [ 0. 17. 15.  4. 22. 16. 23.  7. 12. 29. 18. 26. 24.  5.  3. 13. 14. 27.
  1. 21.  9. 10. 19.  6. 25. 20. 11. 28.  8.  2.]  --  Cost: 106109.13997546656
Ant 17
Route order: [ 0. 17. 15.  4. 22. 16. 23.  7. 12. 29. 18. 26. 24.  5.  3. 13. 14. 27.
  1. 21.  9. 10. 19.  6. 25. 20. 11. 28.  8.  2.]  --  Cost: 106109.13997546656
Ant 18
Route order: [ 0. 17. 15.  4. 22. 16. 23.  7. 12. 29. 18. 26. 24.  5.  3. 13. 14. 27.
  1. 21.  9. 10. 19.  6. 25. 20. 11. 28.  8.  2.]  --  Cost: 106109.13997546656
