k/2
Ant 0
Route order: [ 0. 12. 13. 14.  1.  9.  6.  8. 10.  5.  3.  2.  7. 11.  4.]  --  Cost: 89142.91910925464
Ant 1
Route order: [ 0. 12.  3.  7. 14. 13.  4.  1.  9.  6.  8. 10. 11.  5.  2.]  --  Cost: 88850.0079570729
Ant 2
Route order: [ 0. 12. 13.  4. 14.  1.  9.  6.  8. 10. 11.  5.  3.  2.  7.]  --  Cost: 82095.33360737452
Ant 3
Route order: [ 0. 12. 13. 14.  4.  1.  9.  6.  8. 10. 11.  7.  3.  5.  2.]  --  Cost: 84674.01328552203
Ant 4
Route order: [ 0. 12. 13. 14.  4.  1.  9.  6.  8. 10. 11.  5.  3.  2.  7.]  --  Cost: 81356.74003776001
Ant 5
Route order: [ 0. 12. 13. 14.  4.  1.  9.  6.  8. 10. 11.  5.  3.  2.  7.]  --  Cost: 81356.74003776001
Ant 6
Route order: [ 0. 12.  3.  7. 14.  4.  1.  9.  6.  8. 10. 11.  5.  2. 13.]  --  Cost: 89317.63452217603
Ant 7
Route order: [ 0. 12. 13.  4.  1.  9.  6.  8. 10. 11.  5.  3.  2.  7. 14.]  --  Cost: 83066.134592915
Ant 8
Route order: [ 0. 12. 13. 14.  4.  1.  9.  6.  8. 10. 11.  7.  5.  3.  2.]  --  Cost: 81608.7912233732
Ant 9
Route order: [ 0. 12. 13. 14.  4.  1.  9.  6.  8. 10. 11.  5.  3.  2.  7.]  --  Cost: 81356.74003776001
Ant 10
Route order: [ 0. 12. 13. 14.  4.  1.  9.  6.  8. 10. 11.  7.  5.  3.  2.]  --  Cost: 81608.7912233732
Ant 11
Route order: [ 0. 12. 13. 14.  4.  1.  9.  6.  8. 10. 11.  5.  3.  2.  7.]  --  Cost: 81356.74003776001
Ant 12
Route order: [ 0. 12. 13. 14.  4.  1.  9.  6.  8. 10. 11.  7.  5.  3.  2.]  --  Cost: 81608.7912233732
Ant 13
Route order: [ 0. 12. 13. 14.  4.  1.  9.  6.  8. 10. 11.  7.  5.  3.  2.]  --  Cost: 81608.7912233732
Ant 14
Route order: [ 0. 12. 13. 14.  4.  1.  9.  6.  8. 10. 11.  7.  5.  3.  2.]  --  Cost: 81608.7912233732
Ant 15
Route order: [ 0. 13. 14.  4.  1.  9.  6.  8. 10. 11.  7.  5.  3.  2. 12.]  --  Cost: 79710.67494907945
Ant 16
Route order: [ 0. 12. 13. 14.  4.  1.  9.  6.  8. 10. 11.  5.  3.  2.  7.]  --  Cost: 81356.74003776001
Ant 17
Route order: [ 0. 12. 13. 14.  4.  1.  9.  6.  8. 10. 11.  5.  3.  2.  7.]  --  Cost: 81356.74003776001
Ant 18
Route order: [ 0. 12. 13. 14.  4.  1.  9.  6.  8. 10. 11.  7.  5.  3.  2.]  --  Cost: 81608.7912233732
Ant 19
Route order: [ 0. 12. 13. 14.  4.  1.  9.  6.  8. 10. 11.  5.  3.  2.  7.]  --  Cost: 81356.74003776001
Ant 20
Route order: [ 0. 12. 13. 14.  4.  1.  9.  6.  8. 10. 11.  5.  3.  2.  7.]  --  Cost: 81356.74003776001
Ant 21
Route order: [ 0. 12. 13. 14.  4.  1.  9.  6.  8. 10. 11.  7.  5.  3.  2.]  --  Cost: 81608.7912233732
Ant 22
Route order: [ 0. 12. 13. 14.  4.  1.  9.  6.  8. 10. 11.  5.  3.  2.  7.]  --  Cost: 81356.74003776001
Ant 23
Route order: [ 0. 14.  4.  1.  9.  6.  8. 10. 11.  7.  5.  3.  2. 12. 13.]  --  Cost: 80913.61518500815
Ant 24
Route order: [ 0. 14.  4.  1.  9.  6.  8. 10. 11.  7.  5.  3.  2. 12. 13.]  --  Cost: 80913.61518500815
Ant 25
Route order: [ 0. 12. 13. 14.  4.  1.  9.  6.  8. 10. 11.  5.  3.  2.  7.]  --  Cost: 81356.74003776001
Ant 26
Route order: [ 0. 12. 13. 14.  4.  1.  9.  6.  8. 10. 11.  5.  3.  2.  7.]  --  Cost: 81356.74003776001
Ant 27
Route order: [ 0. 12. 13. 14.  4.  1.  9.  6.  8. 10. 11.  5.  3.  2.  7.]  --  Cost: 81356.74003776001
Ant 28
Route order: [ 0. 12. 13. 14.  4.  1.  9.  6.  8. 10. 11.  5.  3.  2.  7.]  --  Cost: 81356.74003776001
---

Ant 0
Route order: [ 0. 12. 14.  4. 13.  1.  9.  7. 11. 10.  8.  6.  5.  3.  2.]  --  Cost: 90368.18167200068
Ant 1
Route order: [ 0. 12.  7. 11.  5.  3.  2. 10.  8.  6.  9.  1.  4. 13. 14.]  --  Cost: 87718.62598216638
Ant 2
Route order: [ 0. 12. 14.  4.  1.  9. 13.  6.  8. 10. 11.  7.  5.  3.  2.]  --  Cost: 89098.64228532882
Ant 3
Route order: [ 0. 12. 14.  4. 13.  7. 11.  8. 10.  6.  9.  1.  3.  5.  2.]  --  Cost: 93087.90175100914
Ant 4
Route order: [ 0. 12. 13. 14.  4.  1.  9. 10.  8.  6. 11.  7.  5.  3.  2.]  --  Cost: 87829.41611174715
Ant 5
Route order: [ 0. 14.  4. 13. 12.  7. 11.  9.  1.  6.  8. 10.  5.  3.  2.]  --  Cost: 87308.78571367433
Ant 6
Route order: [ 0. 12. 13. 14.  4.  1.  9.  6.  8. 10. 11.  7.  5.  3.  2.]  --  Cost: 81608.7912233732
Ant 7
Route order: [ 0. 12. 14.  4.  1.  9. 13.  6.  8. 10. 11.  5.  3.  2.  7.]  --  Cost: 88846.59109971563
Ant 8
Route order: [ 0. 12. 14.  4. 13.  1.  9. 10.  8.  6. 11.  5.  3.  2.  7.]  --  Cost: 89062.84864479021
Ant 9
Route order: [ 0. 12. 14.  4. 13.  1.  9.  6.  8. 10. 11.  7.  5.  3.  2.]  --  Cost: 83094.27494202944
Ant 10
Route order: [ 0. 12. 14. 13.  4.  1.  9.  7. 11. 10.  8.  6.  5.  3.  2.]  --  Cost: 90112.29671484354
Ant 11
Route order: [ 0. 12.  7. 11. 14.  4. 13.  1.  9.  6.  8. 10.  5.  3.  2.]  --  Cost: 86896.65846150316
Ant 12
Route order: [ 0. 12. 14.  4. 13.  1.  9.  6.  8. 10. 11.  5.  3.  7.  2.]  --  Cost: 90190.34413369943
Ant 13
Route order: [ 0.  7. 11. 10.  8.  6.  9.  1.  4. 14. 13. 12.  3.  5.  2.]  --  Cost: 83997.09234552548
Ant 14
Route order: [ 0. 12.  7.  4. 14. 13.  1.  9. 11. 10.  8.  6.  5.  3.  2.]  --  Cost: 90998.55856887822
Ant 15
Route order: [ 0. 12. 14.  4. 13.  1.  9.  6.  8. 10. 11.  7.  5.  3.  2.]  --  Cost: 83094.27494202944
Ant 16
Route order: [ 0. 12.  7. 14.  4.  1.  9.  6.  8. 10. 11.  5.  3.  2. 13.]  --  Cost: 82840.15873577895
Ant 17
Route order: [ 0. 12. 13.  1.  9.  7. 14.  4.  6.  8. 10. 11.  5.  3.  2.]  --  Cost: 87144.08509767309
Ant 18
Route order: [ 0. 12. 13. 14.  4.  1.  9. 11. 10.  8.  6.  7.  5.  3.  2.]  --  Cost: 86955.09778123413
Ant 19
Route order: [ 0. 12. 13. 14.  4.  1.  9.  6.  8. 10. 11.  7.  5.  3.  2.]  --  Cost: 81608.7912233732
Ant 20
Route order: [ 0. 12. 14.  4.  1.  9.  6.  8. 10. 11.  5.  3.  2. 13.  7.]  --  Cost: 83315.15050932611
Ant 21
Route order: [ 0. 12. 14.  4. 13.  1.  9.  6.  8. 10. 11.  7.  5.  3.  2.]  --  Cost: 83094.27494202944
Ant 22
Route order: [ 0. 12. 14.  4. 13.  1.  9.  6.  8. 10. 11.  7.  5.  3.  2.]  --  Cost: 83094.27494202944
Ant 23
Route order: [ 0. 12. 14.  4. 13.  1.  9.  6.  8. 10. 11.  5.  3.  2.  7.]  --  Cost: 82842.22375641626
Ant 24
Route order: [ 0. 12. 14.  4. 13.  1.  9.  6.  8. 10. 11.  7.  5.  3.  2.]  --  Cost: 83094.27494202944
Ant 25
Route order: [ 0. 12. 14.  4. 13.  1.  9.  6.  8. 10. 11.  7.  5.  3.  2.]  --  Cost: 83094.27494202944
Ant 26
Route order: [ 0. 12. 14.  4. 13.  1.  9.  6.  8. 10. 11.  7.  5.  3.  2.]  --  Cost: 83094.27494202944
Ant 27
Route order: [ 0. 12. 14.  4. 13.  1.  9.  6.  8. 10. 11.  7.  5.  3.  2.]  --  Cost: 83094.27494202944

--

Ant 0
Route order: [ 0. 12. 11. 10.  8.  6.  9.  1.  4. 14. 13.  7.  5.  3.  2.]  --  Cost: 86091.23303287866
Ant 1
Route order: [ 0. 12. 13.  4. 14.  1.  9.  6. 10.  8. 11.  5.  3.  2.  7.]  --  Cost: 84000.12744711862
Ant 2
Route order: [ 0. 12. 13. 14.  4.  7. 11.  9.  1.  6.  8. 10.  5.  3.  2.]  --  Cost: 86944.78076784432
Ant 3
Route order: [ 0. 12. 13.  1.  4. 14.  7. 11.  9.  6.  8. 10.  5.  3.  2.]  --  Cost: 85702.69532090498
Ant 4
Route order: [ 0. 12. 13. 14.  4.  1.  9.  6.  8. 10. 11.  7.  3.  5.  2.]  --  Cost: 84674.01328552203
Ant 5
Route order: [ 0.  7. 11. 10.  8.  6.  9.  1.  4. 14. 13. 12.  5.  3.  2.]  --  Cost: 82902.35733605849
Ant 6
Route order: [ 0. 12. 13.  4. 14.  7. 11.  9.  1.  6.  8. 10.  5.  3.  2.]  --  Cost: 86336.87416862659
Ant 7
Route order: [ 0. 12. 13.  4. 14.  1.  9.  6.  8. 10. 11.  7.  3.  5.  2.]  --  Cost: 85412.60685513652
Ant 8
Route order: [ 0. 12. 13. 14.  4.  1.  9.  6.  8. 10. 11.  7.  3.  5.  2.]  --  Cost: 84674.01328552203
Ant 9
Route order: [ 0. 12. 13. 14.  4.  1.  9.  7. 11.  6.  8. 10.  5.  3.  2.]  --  Cost: 87095.94233220161
Ant 10
Route order: [ 0. 12. 13. 14.  4.  1.  9.  6.  8. 10. 11.  5.  3.  2.  7.]  --  Cost: 81356.74003776001
Ant 11
Route order: [ 0.  7. 12. 13.  4. 14.  1.  9.  6.  8. 10. 11.  5.  2.  3.]  --  Cost: 83891.64805447505
Ant 12
Route order: [ 0. 12. 13.  4. 14.  7. 11.  9.  1.  6.  8. 10.  5.  3.  2.]  --  Cost: 86336.87416862659
Ant 13
Route order: [ 0. 12. 13. 14.  4.  1.  9.  6.  8. 10. 11.  7.  3.  5.  2.]  --  Cost: 84674.01328552203
Ant 14
Route order: [ 0. 12. 13.  4. 14.  7. 11.  5.  3.  2. 10.  8.  6.  1.  9.]  --  Cost: 91190.02283689751
Ant 15
Route order: [ 0. 12.  7. 14.  4.  1.  9.  6.  8. 10. 11.  5.  3.  2. 13.]  --  Cost: 82840.15873577895
Ant 16
Route order: [ 0. 12. 13. 14.  4.  1.  9. 11.  5.  3.  2. 10.  8.  6.  7.]  --  Cost: 91586.5666757533
Ant 17
Route order: [ 0. 12. 13. 14.  4.  1.  9.  6.  8. 10. 11.  7.  3.  5.  2.]  --  Cost: 84674.01328552203
Ant 18
Route order: [ 0. 12. 13. 14.  4.  1.  9.  7. 11.  6.  8. 10.  5.  3.  2.]  --  Cost: 87095.94233220161
Ant 19
Route order: [ 0. 12. 13. 14.  4.  1.  9.  6.  8. 10.  5.  3.  2.  7. 11.]  --  Cost: 86095.36298434985
Ant 20
Route order: [ 0. 12. 13. 14.  4.  1.  9.  7.  3.  2.  5. 11. 10.  8.  6.]  --  Cost: 88750.24643144073
Ant 21
Route order: [ 0. 12. 13. 14.  4.  1.  9.  6.  8. 10. 11.  7.  3.  5.  2.]  --  Cost: 84674.01328552203
Ant 22
Route order: [ 0. 12. 13. 14.  4.  1.  9.  7. 11.  6.  8. 10.  5.  3.  2.]  --  Cost: 87095.94233220161
Ant 23
Route order: [ 0. 12. 13. 14.  4.  1.  9.  6.  8. 10. 11.  7.  3.  2.  5.]  --  Cost: 83960.59046850189
Ant 24
Route order: [ 0. 12. 13. 14.  4.  1.  9.  6.  8. 10.  5.  3.  2.  7. 11.]  --  Cost: 86095.36298434985
Ant 25
Route order: [ 0. 12. 13. 14.  4.  1.  9.  7. 11. 10.  8.  6.  5.  3.  2.]  --  Cost: 88882.69795334444
Ant 26
Route order: [ 0. 12. 13. 14.  4.  1.  9.  7. 11. 10.  8.  6.  5.  3.  2.]  --  Cost: 88882.69795334444
Ant 27
Route order: [ 0. 12. 13. 14.  4.  1.  9.  6.  8. 10. 11.  5.  3.  2.  7.]  --  Cost: 81356.74003776001
Ant 28
Route order: [ 0. 12. 13. 14.  4.  1.  9.  6.  8. 10. 11.  7.  3.  5.  2.]  --  Cost: 84674.01328552203
Ant 29
Route order: [ 0. 12. 13. 14.  4.  1.  9.  6.  8. 10. 11.  7.  3.  5.  2.]  --  Cost: 84674.01328552203
Ant 30
Route order: [ 0. 12. 13. 14.  4.  1.  9.  6.  8. 10. 11.  7.  3.  5.  2.]  --  Cost: 84674.01328552203
Ant 31
Route order: [ 0. 12. 13. 14.  4.  1.  9.  6.  8. 10. 11.  5.  3.  2.  7.]  --  Cost: 81356.74003776001
Ant 32
Route order: [ 0. 12. 13. 14.  4.  1.  9.  6.  8. 10. 11.  5.  3.  2.  7.]  --  Cost: 81356.74003776001
Ant 33
Route order: [ 0. 12. 13. 14.  4.  1.  9.  6.  8. 10. 11.  7.  3.  5.  2.]  --  Cost: 84674.01328552203
Ant 34
Route order: [ 0. 13. 14.  4.  1.  9.  6.  8. 10. 11.  7.  5.  3.  2. 12.]  --  Cost: 79710.67494907945
Ant 35
Route order: [ 0. 12. 13. 14.  4.  1.  9.  6.  8. 10. 11.  5.  3.  2.  7.]  --  Cost: 81356.74003776001
Ant 36
Route order: [ 0. 12. 13. 14.  4.  1.  9.  6.  8. 10. 11.  7.  5.  3.  2.]  --  Cost: 81608.7912233732
Ant 37
Route order: [ 0. 12. 13. 14.  4.  1.  9.  6.  8. 10. 11.  7.  3.  5.  2.]  --  Cost: 84674.01328552203
Ant 38
Route order: [ 0. 12. 13. 14.  4.  1.  9.  6.  8. 10. 11.  5.  3.  2.  7.]  --  Cost: 81356.74003776001
Ant 39
Route order: [ 0. 12. 13. 14.  4.  1.  9.  6.  8. 10. 11.  5.  3.  2.  7.]  --  Cost: 81356.74003776001
Ant 40
Route order: [ 0. 12. 13. 14.  4.  1.  9.  6.  8. 10. 11.  5.  3.  2.  7.]  --  Cost: 81356.74003776001
Ant 41
Route order: [ 0. 12. 13. 14.  4.  1.  9.  6.  8. 10. 11.  7.  5.  3.  2.]  --  Cost: 81608.7912233732
Ant 42
Route order: [ 0. 12. 13. 14.  4.  1.  9.  6.  8. 10. 11.  7.  3.  5.  2.]  --  Cost: 84674.01328552203
Ant 43
Route order: [ 0. 12. 13. 14.  4.  1.  9.  6.  8. 10. 11.  5.  3.  2.  7.]  --  Cost: 81356.74003776001
Ant 44
Route order: [ 0. 12. 13. 14.  4.  1.  9.  6.  8. 10. 11.  5.  3.  2.  7.]  --  Cost: 81356.74003776001
Ant 45
Route order: [ 0. 12. 13. 14.  4.  1.  9.  6.  8. 10. 11.  7.  5.  3.  2.]  --  Cost: 81608.7912233732
Ant 46
Route order: [ 0. 12. 13. 14.  4.  1.  9.  6.  8. 10. 11.  5.  3.  2.  7.]  --  Cost: 81356.74003776001
Ant 47
Route order: [ 0. 12. 13. 14.  4.  1.  9.  6.  8. 10. 11.  5.  3.  2.  7.]  --  Cost: 81356.74003776001
Ant 48
Route order: [ 0. 12. 13. 14.  4.  1.  9.  6.  8. 10. 11.  5.  3.  2.  7.]  --  Cost: 81356.74003776001
Ant 49
Route order: [ 0. 12. 13. 14.  4.  1.  9.  6.  8. 10. 11.  5.  3.  2.  7.]  --  Cost: 81356.74003776001
----
Ant 0
Route order: [ 0. 12. 13. 14.  4.  1.  9.  7. 11.  6.  8. 10.  5.  3.  2.]  --  Cost: 87095.94233220161
Ant 1
Route order: [ 0. 12. 13.  4. 14.  7.  9.  1.  6.  8. 10. 11.  5.  3.  2.]  --  Cost: 84389.30608226877
Ant 2
Route order: [ 0. 12. 13.  4. 14.  7. 11.  9.  1.  6.  8. 10.  5.  3.  2.]  --  Cost: 86336.87416862659
Ant 3
Route order: [ 0. 12. 13.  4. 14.  7. 11. 10.  8.  6.  9.  1.  5.  3.  2.]  --  Cost: 86908.15202628876
Ant 4
Route order: [ 0. 12. 13.  4. 14.  7. 11.  9.  1.  6.  8. 10.  5.  3.  2.]  --  Cost: 86336.87416862659
Ant 5
Route order: [ 0. 12. 13.  4. 14.  7. 11.  9.  1.  6.  8. 10.  5.  3.  2.]  --  Cost: 86336.87416862659
Ant 6
Route order: [ 0. 12. 13.  4. 14.  7. 11.  9.  1.  6.  8. 10.  5.  3.  2.]  --  Cost: 86336.87416862659
Ant 7
Route order: [ 0. 12. 13.  4. 14.  7. 11.  9.  1.  6.  8. 10.  5.  3.  2.]  --  Cost: 86336.87416862659
----
Ant 0
Route order: [ 0.  4. 14.  7. 11. 10.  8.  6.  9.  1. 13. 12.  5.  3.  2.]  --  Cost: 85597.15970383515
Ant 1
Route order: [ 0. 14.  4. 13. 12.  7. 11.  9.  1.  6.  8. 10.  5.  3.  2.]  --  Cost: 87308.78571367433
Ant 2
Route order: [ 0. 12. 13. 14.  4.  1.  9.  6.  8. 10. 11.  5.  3.  7.  2.]  --  Cost: 88704.86041504316
Ant 3
Route order: [ 0. 14.  4. 13. 12.  7. 11.  9.  1.  6.  8. 10.  5.  3.  2.]  --  Cost: 87308.78571367433
Ant 4
Route order: [ 0. 12. 13.  4. 14.  7. 11.  9.  1.  6.  8. 10.  5.  3.  2.]  --  Cost: 86336.87416862659
Ant 5
Route order: [ 0. 12. 13.  4. 14.  7. 11.  9.  1.  6.  8. 10.  5.  3.  2.]  --  Cost: 86336.87416862659
Ant 6
Route order: [ 0. 12. 13.  4. 14.  7. 11.  9.  1.  6.  8. 10.  5.  3.  2.]  --  Cost: 86336.87416862659
Ant 7
Route order: [ 0. 12. 13.  4. 14.  1.  9.  6.  8. 10. 11.  7.  3.  5.  2.]  --  Cost: 85412.60685513652
Ant 8
Route order: [ 0. 12. 13.  4. 14.  7. 11.  9.  1.  6.  8. 10.  5.  3.  2.]  --  Cost: 86336.87416862659
Ant 9
Route order: [ 0. 12. 13.  4. 14.  7. 11.  9.  1.  6.  8. 10.  5.  3.  2.]  --  Cost: 86336.87416862659
Ant 10
Route order: [ 0. 12. 13.  4. 14.  7. 11.  9.  1.  6.  8. 10.  5.  3.  2.]  --  Cost: 86336.87416862659
Ant 11
Route order: [ 0. 12. 13.  4. 14.  7. 11.  9.  1.  6.  8. 10.  5.  3.  2.]  --  Cost: 86336.87416862659
---
Ant 0
Route order: [ 0.  7. 11. 10.  8.  6.  9.  1.  4. 14. 13. 12.  3.  5.  2.]  --  Cost: 83997.09234552548
Ant 1
Route order: [ 0. 12.  3.  5.  7. 11. 10.  8.  6.  9.  1.  4. 13. 14.  2.]  --  Cost: 89594.81546199467
Ant 2
Route order: [ 0. 12. 13. 14.  4.  1.  9.  7. 11. 10.  8.  6.  5.  3.  2.]  --  Cost: 88882.69795334444
Ant 3
Route order: [ 0. 12. 13. 14.  4.  1.  9.  6.  8. 10. 11.  7.  5.  3.  2.]  --  Cost: 81608.7912233732
Ant 4
Route order: [ 0. 12. 13. 14.  4.  1.  9. 10.  8.  6. 11.  7.  5.  3.  2.]  --  Cost: 87829.41611174715
Ant 5
Route order: [ 0. 12. 13.  4. 14.  9.  1.  6.  8. 10. 11.  7.  5.  3.  2.]  --  Cost: 84501.49100383997
Ant 6
Route order: [ 0. 12. 14.  4.  1.  9.  6.  8. 10. 11.  7.  5.  3.  2. 13.]  --  Cost: 83306.01654997545
Ant 7
Route order: [ 0. 12. 13. 14.  4.  1.  9.  6.  8. 10. 11.  7.  5.  3.  2.]  --  Cost: 81608.7912233732
Ant 8
Route order: [ 0. 12. 13. 14.  4.  1.  9.  7. 11. 10.  8.  6.  5.  3.  2.]  --  Cost: 88882.69795334444
Ant 9
Route order: [ 0. 12. 13. 14.  4. 11.  7.  1.  9.  6.  8. 10.  5.  3.  2.]  --  Cost: 88237.62718634764
Ant 10
Route order: [ 0. 12. 13. 14.  4.  1.  9.  6.  8. 10. 11.  7.  3.  5.  2.]  --  Cost: 84674.01328552203
Ant 11
Route order: [ 0. 12. 13. 14.  4.  1.  9.  7. 11. 10.  8.  6.  5.  3.  2.]  --  Cost: 88882.69795334444
Ant 12
Route order: [ 0. 12. 13. 14.  7. 11. 10.  8.  6.  9.  1.  4.  5.  3.  2.]  --  Cost: 86402.73183042993
Ant 13
Route order: [ 0. 12. 13. 14.  4.  1.  9.  6.  8. 10. 11.  7.  5.  3.  2.]  --  Cost: 81608.7912233732
Ant 14
Route order: [ 0. 12.  7. 11. 10.  8.  6.  9.  1.  4. 14. 13.  5.  3.  2.]  --  Cost: 85531.64887789983
Ant 15
Route order: [ 0. 12. 13. 14.  4.  1.  9.  6.  8. 10. 11.  7.  5.  3.  2.]  --  Cost: 81608.7912233732
Ant 16
Route order: [ 0. 12. 13. 14.  4.  1.  9.  7. 11. 10.  8.  6.  5.  3.  2.]  --  Cost: 88882.69795334444
Ant 17
Route order: [ 0. 12. 13. 14.  4.  1.  9.  7. 11. 10.  8.  6.  5.  3.  2.]  --  Cost: 88882.69795334444
Ant 18
Route order: [ 0. 12. 13. 14.  4.  1.  9.  7. 11.  6.  8. 10.  5.  3.  2.]  --  Cost: 87095.94233220161
Ant 19
Route order: [ 0.  7. 11. 10.  8.  6.  9.  1. 14.  4. 13. 12.  3.  5.  2.]  --  Cost: 84735.68591513997
Ant 20
Route order: [ 0. 12. 13. 14.  4.  1.  9.  7. 11. 10.  8.  6.  5.  3.  2.]  --  Cost: 88882.69795334444
Ant 21
Route order: [ 0.  7. 11. 10.  8.  6.  9.  1.  4. 14. 13. 12.  3.  5.  2.]  --  Cost: 83997.09234552548
Ant 22
Route order: [ 0. 12. 13.  4. 14.  7. 11.  9.  1.  6.  8. 10.  5.  3.  2.]  --  Cost: 86336.87416862659
Ant 23
Route order: [ 0. 12. 13. 14.  4.  1.  9.  6.  8. 10. 11.  7.  5.  3.  2.]  --  Cost: 81608.7912233732
Ant 24
Route order: [ 0. 12. 13. 14.  4.  1.  9.  6.  8. 10. 11.  7.  5.  3.  2.]  --  Cost: 81608.7912233732
Ant 25
Route order: [ 0. 12. 13. 14.  7. 11. 10.  8.  6.  9.  1.  4.  5.  3.  2.]  --  Cost: 86402.73183042993
Ant 26
Route order: [ 0. 12. 13. 14.  4.  1.  9.  7. 11. 10.  8.  6.  5.  3.  2.]  --  Cost: 88882.69795334444
Ant 27
Route order: [ 0. 12.  4. 13. 14.  7. 11. 10.  8.  6.  9.  1.  2.  3.  5.]  --  Cost: 88714.01672885395
Ant 28
Route order: [ 0. 12. 13. 14.  4.  1.  9.  6.  8. 10. 11.  7.  5.  3.  2.]  --  Cost: 81608.7912233732
Ant 29
Route order: [ 0.  7. 11. 10.  8.  6.  9.  1.  4. 14. 13. 12.  3.  5.  2.]  --  Cost: 83997.09234552548
Ant 30
Route order: [ 0. 12. 13. 14.  4.  1.  9.  6.  8. 10. 11.  7.  5.  3.  2.]  --  Cost: 81608.7912233732
Ant 31
Route order: [ 0. 12. 13. 14.  4.  1.  9.  7. 11. 10.  8.  6.  5.  3.  2.]  --  Cost: 88882.69795334444
Ant 32
Route order: [ 0. 12. 13. 14.  4.  1.  9.  6.  8. 10. 11.  7.  5.  3.  2.]  --  Cost: 81608.7912233732
Ant 33
Route order: [ 0. 12. 13. 14.  4.  1.  9.  6.  8. 10. 11.  7.  5.  3.  2.]  --  Cost: 81608.7912233732
Ant 34
Route order: [ 0. 12. 13. 14.  4.  1.  9.  7. 11.  6.  8. 10.  5.  3.  2.]  --  Cost: 87095.94233220161
Ant 35
Route order: [ 0. 12. 14.  4.  1.  9.  6.  8. 10. 11.  7.  5.  3.  2. 13.]  --  Cost: 83306.01654997545
Ant 36
Route order: [ 0. 12. 13. 14.  4.  1.  9.  6.  8. 10. 11.  7.  3.  5.  2.]  --  Cost: 84674.01328552203
Ant 37
Route order: [ 0. 12. 13. 14.  4.  1.  9.  7. 11. 10.  8.  6.  5.  3.  2.]  --  Cost: 88882.69795334444
Ant 38
Route order: [ 0.  7. 11. 14.  4.  1.  9.  6.  8. 10.  5.  3.  2. 13. 12.]  --  Cost: 85865.4597528563
Ant 39
Route order: [ 0. 12. 13. 14.  4.  1.  9.  6.  8. 10. 11.  7.  5.  3.  2.]  --  Cost: 81608.7912233732
Ant 40
Route order: [ 0. 12. 13. 14.  4.  1.  9.  6.  8. 10. 11.  7.  5.  3.  2.]  --  Cost: 81608.7912233732
Ant 41
Route order: [ 0. 12. 13. 14.  4.  1.  9.  6.  8. 10. 11.  7.  5.  3.  2.]  --  Cost: 81608.7912233732
Ant 42
Route order: [ 0. 12. 13. 14.  4.  1.  9.  6.  8. 10. 11.  7.  5.  3.  2.]  --  Cost: 81608.7912233732
----
Ant 0
Route order: [ 0. 12. 13. 14.  4.  1.  9.  7. 11.  0.  3.  5.  6.  8. 10.]  --  Cost: 71712.50887206016
Ant 1
Route order: [ 0. 12. 13. 14.  4.  7. 11.  9.  1.  6.  8. 10.  5.  3.  2.]  --  Cost: 86944.78076784432
Ant 2
Route order: [ 0. 12. 13. 14.  4.  1.  9.  6.  8. 10. 11.  7.  3.  5.  2.]  --  Cost: 84674.01328552203
Ant 3
Route order: [ 0. 12. 13. 14.  4.  1.  9.  7. 11. 10.  8.  6.  5.  3.  2.]  --  Cost: 88882.69795334444
Ant 4
Route order: [ 0. 12. 13. 14.  4.  1.  9. 11.  7.  6.  8. 10.  5.  3.  2.]  --  Cost: 88414.33775573567
Ant 5
Route order: [ 0. 12. 13. 14.  4.  1.  9.  7.  6.  8. 10. 11.  5.  3.  2.]  --  Cost: 86466.76966937786
Ant 6
Route order: [ 0. 12. 13. 14.  4.  1.  9.  6.  8. 10. 11.  7.  5.  3.  2.]  --  Cost: 81608.7912233732
Ant 7
Route order: [ 0. 12. 13. 14.  4.  1.  9.  6. 10.  8. 11.  7.  3.  5.  2.]  --  Cost: 86578.80712526612
Ant 8
Route order: [ 0. 12. 13. 14.  4.  1.  9.  7. 11. 10.  8.  6.  5.  3.  2.]  --  Cost: 88882.69795334444
Ant 9
Route order: [ 0. 12. 13.  4. 14.  9.  1.  6.  8. 10. 11.  7.  5.  3.  2.]  --  Cost: 84501.49100383997
Ant 10
Route order: [ 0. 12. 13. 14.  4.  1.  9.  6.  8. 10. 11.  5.  3.  7.  2.]  --  Cost: 88704.86041504316
Ant 11
Route order: [ 0. 12. 13. 14.  4.  1.  9.  6.  8. 10. 11.  7.  3.  5.  2.]  --  Cost: 84674.01328552203
Ant 12
Route order: [ 0. 12. 13. 14.  4.  1.  9.  7. 11. 10.  8.  6.  5.  3.  2.]  --  Cost: 88882.69795334444
Ant 13
Route order: [ 0. 12. 13. 14.  4.  1.  9.  6.  8. 10. 11.  7.  3.  5.  2.]  --  Cost: 84674.01328552203
Ant 14
Route order: [ 0. 12. 13. 14.  4.  1.  9.  7.  6.  8. 10. 11.  5.  3.  2.]  --  Cost: 86466.76966937786
Ant 15
Route order: [ 0. 12. 11. 10.  8.  6.  9.  4. 14. 13.  1.  7.  3.  5.  2.]  --  Cost: 91583.38401632209
Ant 16
Route order: [ 0. 12. 13. 14.  4.  1.  9.  6.  8. 10. 11.  7.  3.  2.  5.]  --  Cost: 83960.59046850189
Ant 17
Route order: [ 0. 12. 13. 14.  4.  1.  9.  7.  6.  8. 10. 11.  5.  3.  2.]  --  Cost: 86466.76966937786
Ant 18
Route order: [ 0. 12. 13. 14.  4.  1.  9.  6.  8. 10. 11.  7.  3.  5.  2.]  --  Cost: 84674.01328552203
Ant 19
Route order: [ 0. 12. 13. 14.  4.  1.  9.  6.  8. 10. 11.  7.  3.  5.  2.]  --  Cost: 84674.01328552203
Ant 20
Route order: [ 0.  4. 14. 13.  1.  9.  6.  8. 10. 11.  7.  3.  5.  2. 12.]  --  Cost: 83996.73037153111
Ant 21
Route order: [ 0. 12. 13. 14.  4.  1.  9.  6.  8. 10. 11.  7.  3.  5.  2.]  --  Cost: 84674.01328552203
Ant 22
Route order: [ 0. 12. 14.  4.  1.  9.  6.  8. 10. 11.  7.  3.  5.  2. 13.]  --  Cost: 86371.23861212429
Ant 23
Route order: [ 0. 12.  7. 14.  4.  1.  9.  6.  8. 10. 11.  5.  3.  2. 13.]  --  Cost: 82840.15873577895
Ant 24
Route order: [ 0. 12. 13. 14.  4.  1.  9.  6.  8. 10. 11.  7.  3.  5.  2.]  --  Cost: 84674.01328552203
Ant 25
Route order: [ 0. 12. 13. 14.  4.  1.  9.  7. 11. 10.  8.  6.  5.  3.  2.]  --  Cost: 88882.69795334444
Ant 26
Route order: [ 0. 12. 13. 14.  4.  1.  9.  6.  8. 10. 11.  7.  3.  5.  2.]  --  Cost: 84674.01328552203
Ant 27
Route order: [ 0. 12. 13. 14.  4.  1.  9.  7. 11. 10.  8.  6.  5.  3.  2.]  --  Cost: 88882.69795334444
Ant 28
Route order: [ 0. 12. 13. 14.  4.  1.  9.  6.  8. 10. 11.  7.  3.  5.  2.]  --  Cost: 84674.01328552203
Ant 29
Route order: [ 0. 12. 13. 14.  4.  1.  9.  6.  8. 10. 11.  7.  5.  3.  2.]  --  Cost: 81608.7912233732
Ant 30
Route order: [ 0. 12. 13. 14.  4.  1.  9.  6.  8. 10. 11.  7.  3.  5.  2.]  --  Cost: 84674.01328552203
Ant 31
Route order: [ 0. 12. 13. 14.  4.  1.  9.  6.  8. 10. 11.  7.  3.  5.  2.]  --  Cost: 84674.01328552203
Ant 32
Route order: [ 0. 12. 13. 14.  4.  1.  9.  7. 11. 10.  8.  6.  5.  3.  2.]  --  Cost: 88882.69795334444
Ant 33
Route order: [ 0. 12. 13. 14.  4.  1.  9.  6.  8. 10. 11.  7.  3.  5.  2.]  --  Cost: 84674.01328552203
Ant 34
Route order: [ 0. 12. 13. 14.  4.  1.  9.  6.  8. 10. 11.  7.  3.  5.  2.]  --  Cost: 84674.01328552203
Ant 35
Route order: [ 0. 12. 13. 14.  4.  1.  9.  6.  8. 10. 11.  7.  5.  3.  2.]  --  Cost: 81608.7912233732
Ant 36
Route order: [ 0. 12. 13. 14.  4.  1.  9.  6.  8. 10. 11.  7.  5.  3.  2.]  --  Cost: 81608.7912233732
Ant 37
Route order: [ 0. 12. 13. 14.  4.  1.  9.  6.  8. 10. 11.  7.  3.  5.  2.]  --  Cost: 84674.01328552203
Ant 38
Route order: [ 0. 12. 13. 14.  4.  1.  9.  6.  8. 10. 11.  7.  3.  5.  2.]  --  Cost: 84674.01328552203
Ant 39
Route order: [ 0. 12. 13. 14.  4.  1.  9.  6.  8. 10. 11.  7.  3.  5.  2.]  --  Cost: 84674.01328552203
Ant 40
Route order: [ 0. 12. 13. 14.  4.  1.  9.  6.  8. 10. 11.  7.  5.  3.  2.]  --  Cost: 81608.7912233732
Ant 41
Route order: [ 0. 12. 13. 14.  4.  1.  9.  6.  8. 10. 11.  7.  3.  5.  2.]  --  Cost: 84674.01328552203
Ant 42
Route order: [ 0. 12. 13. 14.  4.  1.  9.  6.  8. 10. 11.  7.  5.  3.  2.]  --  Cost: 81608.7912233732
Ant 43
Route order: [ 0. 12. 13. 14.  4.  1.  9.  6.  8. 10. 11.  7.  5.  3.  2.]  --  Cost: 81608.7912233732
Ant 44
Route order: [ 0. 12. 13. 14.  4.  1.  9.  6.  8. 10. 11.  7.  5.  3.  2.]  --  Cost: 81608.7912233732
Ant 45
Route order: [ 0. 12. 13. 14.  4.  1.  9.  6.  8. 10. 11.  7.  5.  3.  2.]  --  Cost: 81608.7912233732
---
Ant 0
Route order: [ 0. 12.  7. 14.  4. 13.  1.  9. 11.  6.  8. 10.  5.  3.  2.]  --  Cost: 88603.89634851765
Ant 1
Route order: [ 0. 12. 13. 14.  4.  1.  9.  6. 10.  8. 11.  7.  5.  3.  2.]  --  Cost: 83513.5850631173
Ant 2
Route order: [ 0. 12. 13. 14.  4.  1.  9.  6.  8. 10. 11.  7.  5.  3.  2.]  --  Cost: 81608.7912233732
Ant 3
Route order: [ 0. 12. 13. 14.  4.  1.  9.  6. 10.  8. 11.  7.  5.  3.  2.]  --  Cost: 83513.5850631173
Ant 4
Route order: [ 0. 12. 13. 14.  4.  1.  9.  6.  8. 10. 11.  7.  5.  3.  2.]  --  Cost: 81608.7912233732
Ant 5
Route order: [ 0. 12.  7. 14.  4. 13.  1.  9.  6. 10.  8. 11.  5.  3.  2.]  --  Cost: 84533.21096757703
Ant 6
Route order: [ 0.  7. 11. 10.  8.  6.  9.  1.  4. 14. 13. 12.  3.  5.  2.]  --  Cost: 83997.09234552548
Ant 7
Route order: [ 0. 12. 13. 14.  4.  1.  9.  6. 10.  8. 11.  7.  5.  3.  2.]  --  Cost: 83513.5850631173
Ant 8
Route order: [ 0. 12. 13.  4.  1. 14.  7. 11.  9.  6.  8. 10.  5.  3.  2.]  --  Cost: 86185.40393336237
Ant 9
Route order: [ 0. 12. 13. 14.  4.  1.  9.  7. 11.  6.  8. 10.  5.  3.  2.]  --  Cost: 87095.94233220161
Ant 10
Route order: [ 0. 12. 13.  4. 14.  1.  9.  6. 10.  8. 11.  7.  5.  3.  2.]  --  Cost: 84252.17863273181
Ant 11
Route order: [ 0. 12. 13.  4. 14.  7.  1.  9.  6. 10.  8. 11.  5.  3.  2.]  --  Cost: 85533.75293483117
Ant 12
Route order: [ 0. 12. 13. 14.  4.  1.  9. 11.  5.  3.  2.  8. 10.  6.  7.]  --  Cost: 93788.7120867348
Ant 13
Route order: [ 0. 12. 13.  4. 14.  1.  9.  6.  8. 10. 11.  7.  5.  3.  2.]  --  Cost: 82347.3847929877
Ant 14
Route order: [ 0. 12. 13.  4. 14.  1.  9. 11. 10.  8.  6.  7.  5.  3.  2.]  --  Cost: 87693.69135084865
Ant 15
Route order: [ 0. 12. 13.  4. 14.  7. 11.  9.  1.  6. 10.  8.  5.  3.  2.]  --  Cost: 88562.81338215122
Ant 16
Route order: [ 0. 12. 13. 14.  4.  1.  9.  6.  8. 10. 11.  7.  5.  3.  2.]  --  Cost: 81608.7912233732
Ant 17
Route order: [ 0. 12. 13. 14.  4.  1.  9.  6.  8. 10. 11.  7.  5.  3.  2.]  --  Cost: 81608.7912233732
Ant 18
Route order: [ 0. 12. 13. 14.  4.  1.  9.  7. 11. 10.  8.  6.  5.  3.  2.]  --  Cost: 88882.69795334444
Ant 19
Route order: [ 0. 12. 13. 14.  4.  1.  9.  6.  8. 10. 11.  7.  5.  3.  2.]  --  Cost: 81608.7912233732
Ant 20
Route order: [ 0. 12. 13. 14.  4.  1.  9.  6. 10.  8. 11.  7.  5.  3.  2.]  --  Cost: 83513.5850631173
Ant 21
Route order: [ 0. 12. 13. 14.  4.  1.  9.  6.  8. 10. 11.  7.  5.  3.  2.]  --  Cost: 81608.7912233732
Ant 22
Route order: [ 0. 12. 13. 14.  4.  1.  9.  6.  8. 10. 11.  7.  5.  3.  2.]  --  Cost: 81608.7912233732
Ant 23
Route order: [ 0. 12. 13. 14.  4.  1.  9.  6.  8. 10. 11.  5.  3.  2.  7.]  --  Cost: 81356.74003776001
Ant 24
Route order: [ 0. 12. 13. 14.  4.  1.  9.  6.  8. 10. 11.  7.  5.  3.  2.]  --  Cost: 81608.7912233732
Ant 25
Route order: [ 0. 12. 13. 14.  4.  1.  9.  6.  8. 10. 11.  7.  5.  3.  2.]  --  Cost: 81608.7912233732
Ant 26
Route order: [ 0. 12. 13. 14.  4.  1.  9.  6.  8. 10. 11.  7.  5.  3.  2.]  --  Cost: 81608.7912233732
Ant 27
Route order: [ 0. 12. 13. 14.  4.  1.  9.  6.  8. 10. 11.  7.  5.  3.  2.]  --  Cost: 81608.7912233732
---

Ant 0
Route order: [ 0. 12. 13.  4. 14.  7. 11. 10.  8.  6.  1.  9.  5.  3.  2.]  --  Cost: 87329.72686863056
Ant 1
Route order: [ 0. 12. 13.  4. 14.  7. 11.  9.  1.  6.  8. 10.  5.  3.  2.]  --  Cost: 86336.87416862659
Ant 2
Route order: [ 0. 12. 13.  4. 14.  7. 11.  9.  1.  6.  8. 10.  5.  3.  2.]  --  Cost: 86336.87416862659
Ant 3
Route order: [ 0. 12. 13.  7. 14.  4.  1.  9.  6.  8. 10. 11.  5.  3.  2.]  --  Cost: 83091.89419019767
Ant 4
Route order: [ 0. 12. 13. 14.  4.  1.  9.  6.  8. 10.  7. 11.  5.  3.  2.]  --  Cost: 84940.25683013143
Ant 5
Route order: [ 0. 12. 13.  1.  4. 14.  7. 11.  9.  6.  8. 10.  5.  3.  2.]  --  Cost: 85702.69532090498
Ant 6
Route order: [ 0. 13.  4. 14.  7. 11.  9.  1.  6.  8. 10.  5.  3.  2. 12.]  --  Cost: 84438.75789433283
Ant 7
Route order: [ 0. 12. 13.  4. 14.  7. 11.  9.  1.  6.  8. 10.  5.  3.  2.]  --  Cost: 86336.87416862659
Ant 8
Route order: [ 0. 12. 13.  4. 14.  7. 11.  9.  1.  6.  8. 10.  5.  3.  2.]  --  Cost: 86336.87416862659
Ant 9
Route order: [ 0. 12. 13.  4. 14.  1.  9.  6.  8. 10. 11.  7.  5.  3.  2.]  --  Cost: 82347.3847929877
Ant 10
Route order: [ 0. 12. 13.  4. 14.  7. 11.  9.  1.  6.  8. 10.  5.  3.  2.]  --  Cost: 86336.87416862659
Ant 11
Route order: [ 0. 12. 13.  4. 14.  7.  1.  9.  6.  8. 10. 11.  5.  3.  2.]  --  Cost: 83628.95909508705
Ant 12
Route order: [ 0. 12. 13.  4. 14.  7.  1.  9.  6.  8. 10. 11.  5.  3.  2.]  --  Cost: 83628.95909508705
Ant 13
Route order: [ 0. 12. 13. 14.  4.  1.  9.  6.  8. 10. 11.  7.  5.  3.  2.]  --  Cost: 81608.7912233732
Ant 14
Route order: [ 0. 12. 13.  4. 14.  7. 11.  9.  1.  6.  8. 10.  5.  3.  2.]  --  Cost: 86336.87416862659
Ant 15
Route order: [ 0. 12. 13.  4. 14.  7. 11.  9.  1.  6.  8. 10.  5.  3.  2.]  --  Cost: 86336.87416862659
Ant 16
Route order: [ 0. 12. 13.  4. 14.  7. 11.  9.  1.  6.  8. 10.  5.  3.  2.]  --  Cost: 86336.87416862659
Ant 17
Route order: [ 0. 12. 13. 14.  4.  1.  9.  6.  8. 10.  5.  3.  2.  7. 11.]  --  Cost: 86095.36298434985
Ant 18
Route order: [ 0. 12. 13.  1.  4. 14.  7. 11.  9.  6.  8. 10.  5.  3.  2.]  --  Cost: 85702.69532090498
Ant 19
Route order: [ 0. 12. 13.  4. 14.  7. 11.  9.  1.  6.  8. 10.  5.  3.  2.]  --  Cost: 86336.87416862659
Ant 20
Route order: [ 0. 12. 13.  4. 14.  7. 11.  9.  1.  6.  8. 10.  5.  3.  2.]  --  Cost: 86336.87416862659
Ant 21
Route order: [ 0. 12. 13.  4. 14.  1.  9.  6.  8. 10. 11.  7.  5.  3.  2.]  --  Cost: 82347.3847929877
Ant 22
Route order: [ 0. 12. 13.  4. 14.  7. 11.  9.  1.  6.  8. 10.  5.  3.  2.]  --  Cost: 86336.87416862659
Ant 23
Route order: [ 0. 12. 13.  4. 14.  7. 11.  9.  1.  6.  8. 10.  5.  3.  2.]  --  Cost: 86336.87416862659
Ant 24
Route order: [ 0. 12. 13. 14.  4.  1.  9.  6.  8. 10. 11.  7.  3.  5.  2.]  --  Cost: 84674.01328552203
Ant 25
Route order: [ 0. 12. 13.  4. 14.  7.  9.  1.  6.  8. 10. 11.  5.  3.  2.]  --  Cost: 84389.30608226877
Ant 26
Route order: [ 0. 12. 13. 14.  4.  1.  9.  6.  8. 10. 11.  7.  5.  3.  2.]  --  Cost: 81608.7912233732
Ant 27
Route order: [ 0. 13.  4. 14.  7. 11.  9.  1.  6.  8. 10.  5.  3.  2. 12.]  --  Cost: 84438.75789433283
Ant 28
Route order: [ 0. 12. 13. 14.  4.  1.  9.  6.  8. 10. 11.  7.  5.  3.  2.]  --  Cost: 81608.7912233732
Ant 29
Route order: [ 0. 12. 14.  4.  1.  9.  6.  8. 10. 11.  5.  3.  2.  7. 13.]  --  Cost: 84548.64113537385
Ant 30
Route order: [ 0. 12. 13.  4. 14.  1.  9.  6.  8. 10. 11.  7.  5.  3.  2.]  --  Cost: 82347.3847929877
Ant 31
Route order: [ 0. 12. 13. 14.  4.  1.  9.  6.  8. 10. 11.  7.  5.  3.  2.]  --  Cost: 81608.7912233732
Ant 32
Route order: [ 0. 12. 13. 14.  4.  1.  9.  6.  8. 10.  5.  3.  2.  7. 11.]  --  Cost: 86095.36298434985
Ant 33
Route order: [ 0. 12. 13. 14.  4.  1.  9.  6.  8. 10. 11.  7.  5.  3.  2.]  --  Cost: 81608.7912233732
Ant 34
Route order: [ 0. 12. 13. 14.  4.  1.  9.  6.  8. 10. 11.  7.  5.  3.  2.]  --  Cost: 81608.7912233732
Ant 35
Route order: [ 0. 12. 13. 14.  4.  1.  9.  6.  8. 10. 11.  5.  3.  2.  7.]  --  Cost: 81356.74003776001
Ant 36
Route order: [ 0. 12. 13. 14.  4.  1.  9.  6.  8. 10. 11.  7.  5.  3.  2.]  --  Cost: 81608.7912233732
Ant 37
Route order: [ 0. 12. 13. 14.  4.  1.  9.  6.  8. 10. 11.  7.  5.  3.  2.]  --  Cost: 81608.7912233732
Ant 38
Route order: [ 0. 12. 13. 14.  4.  1.  9.  6.  8. 10. 11.  7.  5.  3.  2.]  --  Cost: 81608.7912233732
Ant 39
Route order: [ 0. 12. 13. 14.  4.  1.  9.  6.  8. 10. 11.  5.  3.  2.  7.]  --  Cost: 81356.74003776001
Ant 40
Route order: [ 0. 12. 13. 14.  4.  1.  9.  6.  8. 10. 11.  7.  5.  3.  2.]  --  Cost: 81608.7912233732
Ant 41
Route order: [ 0. 12. 13. 14.  4.  1.  9.  6.  8. 10. 11.  5.  3.  2.  7.]  --  Cost: 81356.74003776001
Ant 42
Route order: [ 0. 14.  4.  1.  9.  6.  8. 10. 11.  7.  5.  3.  2. 12. 13.]  --  Cost: 80913.61518500815
Ant 43
Route order: [ 0. 12. 13. 14.  4.  1.  9.  6.  8. 10. 11.  7.  5.  3.  2.]  --  Cost: 81608.7912233732
Ant 44
Route order: [ 0. 12. 13. 14.  4.  1.  9.  6.  8. 10. 11.  5.  3.  2.  7.]  --  Cost: 81356.74003776001
Ant 45
Route order: [ 0. 13. 14.  4.  1.  9.  6.  8. 10. 11.  7.  5.  3.  2. 12.]  --  Cost: 79710.67494907945
Ant 46
Route order: [ 0. 12. 13. 14.  4.  1.  9.  6.  8. 10. 11.  5.  3.  2.  7.]  --  Cost: 81356.74003776001
Ant 47
Route order: [ 0. 12. 13. 14.  4.  1.  9.  6.  8. 10. 11.  5.  3.  2.  7.]  --  Cost: 81356.74003776001
Ant 48
Route order: [ 0. 12. 13. 14.  4.  1.  9.  6.  8. 10. 11.  7.  5.  3.  2.]  --  Cost: 81608.7912233732
Ant 49
Route order: [ 0. 12. 13. 14.  4.  1.  9.  6.  8. 10. 11.  5.  3.  2.  7.]  --  Cost: 81356.74003776001
