Ant 0
Route order: [ 0. 12. 13.  4. 14.  1.  9.  7. 11.  6.  8. 10.  5.  3.  2.]  --  Cost: 87834.5359018161
Ant 1
Route order: [ 0. 12. 13.  4. 14.  1.  9.  7. 10.  8.  6. 11.  5.  3.  2.]  --  Cost: 89706.76153407281
Ant 2
Route order: [ 0. 12. 13.  4. 14.  1.  9.  7. 11. 10.  8.  6.  5.  3.  2.]  --  Cost: 89621.29152295893
Ant 3
Route order: [ 0. 12. 13.  4. 14.  1.  9.  7.  6.  8. 10. 11.  5.  3.  2.]  --  Cost: 87205.36323899234
Ant 4
Route order: [ 0. 12. 13.  4. 14.  1.  9.  7. 11.  5.  3.  2. 10.  8.  6.]  --  Cost: 94056.74591838758
Ant 5
Route order: [ 0. 13.  4. 14.  1.  9.  7. 11. 10.  8.  6. 12.  3.  5.  2.]  --  Cost: 93022.5311147506
Ant 6
Route order: [ 0. 12. 13.  4. 14.  1.  9.  7. 10.  8.  6. 11.  5.  3.  2.]  --  Cost: 89706.76153407281
Ant 7
Route order: [ 0. 12.  7. 11.  5.  3.  2. 10.  8.  6.  9.  1.  4. 14. 13.]  --  Cost: 87483.20043448523
Ant 8
Route order: [ 0. 12. 13.  4. 14.  1.  9.  7. 11.  6.  8. 10.  5.  3.  2.]  --  Cost: 87834.5359018161
Ant 9
Route order: [ 0. 12. 13.  4. 14.  7. 11.  9.  1.  6.  8. 10.  5.  3.  2.]  --  Cost: 86336.87416862659
Ant 10
Route order: [ 0. 12. 13.  4. 14.  1.  9. 11.  5.  3.  2. 10.  8.  6.  7.]  --  Cost: 92325.16024536779
Ant 11
Route order: [ 0. 12. 13.  4. 14.  7. 11.  5.  3.  2. 10.  8.  6.  9.  1.]  --  Cost: 89423.27514977663
Ant 12
Route order: [ 0. 12. 13.  4. 14.  1.  9.  7. 11.  6.  8. 10.  5.  3.  2.]  --  Cost: 87834.5359018161
Ant 13
Route order: [ 0. 12. 13. 14.  4.  1.  9.  7. 11.  5.  3.  2. 10.  8.  6.]  --  Cost: 93318.15234877309
Ant 14
Route order: [ 0.  7. 11.  5.  3.  2. 10.  8.  6.  9.  1.  4. 14. 13. 12.]  --  Cost: 86240.26011789238
Ant 15
Route order: [ 0. 12. 13. 14.  4.  1.  9.  7. 11.  5.  3.  2. 10.  8.  6.]  --  Cost: 93318.15234877309
Ant 16
Route order: [ 0. 12. 13.  4. 14.  1.  9.  7. 11. 10.  8.  6.  5.  3.  2.]  --  Cost: 89621.29152295893
Ant 17
Route order: [ 0. 12. 13.  4. 14.  1.  9.  7. 11.  6.  8. 10.  5.  3.  2.]  --  Cost: 87834.5359018161
Ant 18
Route order: [ 0. 12. 13.  4. 14.  1.  9.  7. 11. 10.  8.  6.  5.  3.  2.]  --  Cost: 89621.29152295893
Ant 19
Route order: [ 0. 12. 13.  4. 14.  1.  9.  7. 11. 10.  8.  6.  5.  3.  2.]  --  Cost: 89621.29152295893
Ant 20
Route order: [ 0. 12. 13.  4. 14.  7. 11.  5.  3.  2. 10.  8.  6.  9.  1.]  --  Cost: 89423.27514977663
Ant 21
Route order: [ 0. 12. 13.  4. 14.  7. 11.  5.  3.  2. 10.  8.  6.  9.  1.]  --  Cost: 89423.27514977663
Ant 22
Route order: [ 0. 12. 13.  4. 14.  7. 11.  5.  3.  2. 10.  8.  6.  9.  1.]  --  Cost: 89423.27514977663
Ant 23
Route order: [ 0. 12. 13.  4. 14.  7. 11.  5.  3.  2. 10.  8.  6.  9.  1.]  --  Cost: 89423.27514977663
---
Ant 0
Route order: [ 0. 12. 13. 14.  4.  1.  0.  7. 11.  9.  6.  8. 10.  5.  3.]  --  Cost: 60580.04887920741
Ant 1
Route order: [ 0. 12. 13. 14.  4.  1.  9.  7. 11. 10.  8.  6.  5.  3.  2.]  --  Cost: 88882.69795334444
Ant 2
Route order: [ 0. 12. 13. 14.  4.  1.  9.  7. 11. 10.  8.  6.  5.  3.  2.]  --  Cost: 88882.69795334444
Ant 3
Route order: [ 0. 12. 13. 14.  4.  1.  9.  6.  8. 10. 11.  7.  5.  3.  2.]  --  Cost: 81608.7912233732
Ant 4
Route order: [ 0. 12. 13. 14.  4.  1.  9.  6.  8. 10. 11.  5.  3.  7.  2.]  --  Cost: 88704.86041504316
Ant 5
Route order: [ 0. 12. 13. 14.  4.  1.  9.  6.  8. 10. 11.  5.  3.  7.  2.]  --  Cost: 88704.86041504316
Ant 6
Route order: [ 0. 12. 13. 14.  4.  9.  7. 11.  5.  3. 10.  8.  6.  1.  2.]  --  Cost: 99528.10729263743
Ant 7
Route order: [ 0. 12. 13. 14.  4.  1.  9.  7. 11. 10.  8.  6.  2.  3.  5.]  --  Cost: 91288.9803969119
Ant 8
Route order: [ 0. 12. 13. 14.  4.  1.  9.  7. 11. 10.  8.  6.  5.  3.  2.]  --  Cost: 88882.69795334444
Ant 9
Route order: [ 0. 12. 13. 14.  4.  1.  9.  7. 11. 10.  8.  6.  5.  3.  2.]  --  Cost: 88882.69795334444
Ant 10
Route order: [ 0. 12. 13. 14.  4.  1.  9.  7. 11.  5.  3.  2. 10.  8.  6.]  --  Cost: 93318.15234877309
Ant 11
Route order: [ 0. 12. 13. 14.  4.  1.  9.  7. 11.  5.  3.  2. 10.  8.  6.]  --  Cost: 93318.15234877309
Ant 12
Route order: [ 0. 12. 13. 14.  4.  1.  9.  7. 11. 10.  8.  6.  5.  3.  2.]  --  Cost: 88882.69795334444
Ant 13
Route order: [ 0. 12. 13. 14.  4.  1.  9.  7. 11. 10.  8.  6.  5.  3.  2.]  --  Cost: 88882.69795334444
Ant 14
Route order: [ 0. 12. 13. 14.  4.  1.  9.  7. 11. 10.  8.  6.  5.  3.  2.]  --  Cost: 88882.69795334444
Ant 15
Route order: [ 0. 12. 13. 14.  4.  1.  9.  7. 11.  5.  3.  2. 10.  8.  6.]  --  Cost: 93318.15234877309
Ant 16
Route order: [ 0. 12. 13. 14.  4.  1.  9.  6.  8. 10. 11.  7.  3.  5.  2.]  --  Cost: 84674.01328552203
Ant 17
Route order: [ 0. 12. 13. 14.  4.  1.  9.  7. 11.  5.  3.  2. 10.  8.  6.]  --  Cost: 93318.15234877309
Ant 18
Route order: [ 0. 12. 13. 14.  4.  1.  9.  7. 11. 10.  8.  6.  5.  3.  2.]  --  Cost: 88882.69795334444
Ant 19
Route order: [ 0. 12. 13. 14.  4.  1.  9.  6.  8. 10. 11.  7.  5.  3.  2.]  --  Cost: 81608.7912233732
Ant 20
Route order: [ 0. 12. 11.  5.  3.  2. 10.  8.  6.  9.  7. 14.  4.  1. 13.]  --  Cost: 92859.90397922114
Ant 21
Route order: [ 0. 12. 13. 14.  4.  1.  9.  6.  8. 10. 11.  5.  3.  2.  7.]  --  Cost: 81356.74003776001
Ant 22
Route order: [ 0. 12. 13. 14.  4.  1.  9.  7. 11. 10.  8.  6.  5.  3.  2.]  --  Cost: 88882.69795334444
Ant 23
Route order: [ 0. 12. 13. 14.  4.  1.  9.  7. 11.  5.  3.  2. 10.  8.  6.]  --  Cost: 93318.15234877309
Ant 24
Route order: [ 0. 12. 13. 14.  4.  1.  9.  7. 11. 10.  8.  6.  5.  3.  2.]  --  Cost: 88882.69795334444
Ant 25
Route order: [ 0. 12. 13. 14.  4.  1.  9.  7. 11. 10.  8.  6.  5.  3.  2.]  --  Cost: 88882.69795334444
Ant 26
Route order: [ 0. 12. 13. 14.  4.  1.  9.  7. 10.  8.  6. 11.  5.  3.  2.]  --  Cost: 88968.16796445832
Ant 27
Route order: [ 0. 12. 13. 14.  4.  1.  9.  7. 11.  5.  3.  2. 10.  8.  6.]  --  Cost: 93318.15234877309
Ant 28
Route order: [ 0. 12. 13. 14.  4.  1.  9.  7. 11. 10.  8.  6.  5.  3.  2.]  --  Cost: 88882.69795334444
Ant 29
Route order: [ 0. 12. 13. 14.  4.  1.  9.  7. 11.  5.  3.  2. 10.  8.  6.]  --  Cost: 93318.15234877309
Ant 30
Route order: [ 0. 12. 13. 14.  4.  1.  9.  7. 11.  5.  3.  2. 10.  8.  6.]  --  Cost: 93318.15234877309
Ant 31
Route order: [ 0. 12. 13. 14.  4.  1.  9.  7. 11.  5.  3.  2. 10.  8.  6.]  --  Cost: 93318.15234877309
Ant 32
Route order: [ 0. 12.  7. 11.  5.  3.  2. 10.  8.  6.  9.  1.  4. 14. 13.]  --  Cost: 87483.20043448523
Ant 33
Route order: [ 0. 12. 13. 14.  4.  1.  9.  7. 11. 10.  8.  6.  5.  3.  2.]  --  Cost: 88882.69795334444
Ant 34
Route order: [ 0. 12.  3.  5.  7. 11. 10.  8.  6.  9.  1.  4. 14. 13.  2.]  --  Cost: 87780.1025375154
Ant 35
Route order: [ 0. 12. 13. 14.  4.  1.  9.  6.  8. 10. 11.  5.  3.  2.  7.]  --  Cost: 81356.74003776001
Ant 36
Route order: [ 0. 12. 13. 14.  4.  1.  9.  7. 11. 10.  8.  6.  5.  3.  2.]  --  Cost: 88882.69795334444
Ant 37
Route order: [ 0. 12. 13. 14.  4.  1.  9.  7. 11. 10.  8.  6.  5.  3.  2.]  --  Cost: 88882.69795334444
Ant 38
Route order: [ 0.  7. 11.  5.  3.  2. 10.  8.  6.  9.  1.  4. 14. 13. 12.]  --  Cost: 86240.26011789238
Ant 39
Route order: [ 0. 12. 13. 14.  4.  1.  9.  7. 11.  5.  3.  2. 10.  8.  6.]  --  Cost: 93318.15234877309
Ant 40
Route order: [ 0. 12. 13. 14.  4.  1.  9.  7. 11.  5.  3.  2. 10.  8.  6.]  --  Cost: 93318.15234877309
Ant 41
Route order: [ 0.  7. 11.  5.  3.  2. 10.  8.  6.  9.  1.  4. 14. 13. 12.]  --  Cost: 86240.26011789238
Ant 42
Route order: [ 0. 12. 13. 14.  4.  1.  9.  7. 11.  5.  3.  2. 10.  8.  6.]  --  Cost: 93318.15234877309
Ant 43
Route order: [ 0. 12. 13. 14.  4.  1.  9.  7. 11. 10.  8.  6.  5.  3.  2.]  --  Cost: 88882.69795334444
Ant 44
Route order: [ 0. 12. 13. 14.  4.  1.  9.  7. 11.  5.  3.  2. 10.  8.  6.]  --  Cost: 93318.15234877309
Ant 45
Route order: [ 0. 12. 13. 14.  4.  1.  9.  7. 11.  5.  3.  2. 10.  8.  6.]  --  Cost: 93318.15234877309
Ant 46
Route order: [ 0. 12. 13. 14.  4.  1.  9.  7. 11. 10.  8.  6.  5.  3.  2.]  --  Cost: 88882.69795334444
Ant 47
Route order: [ 0. 12. 13. 14.  4.  1.  9.  7. 11.  5.  3.  2. 10.  8.  6.]  --  Cost: 93318.15234877309
Ant 48
Route order: [ 0. 12. 13. 14.  4.  1.  9.  7. 11.  5.  3.  2. 10.  8.  6.]  --  Cost: 93318.15234877309
Ant 49
Route order: [ 0. 12. 13. 14.  4.  1.  9.  7. 11.  5.  3.  2. 10.  8.  6.]  --  Cost: 93318.15234877309
----
Ant 0
Route order: [ 0. 12. 13. 14.  4.  1.  7. 11.  9.  6.  8. 10.  5.  3.  2.]  --  Cost: 86472.20859727814
Ant 1
Route order: [ 0. 12. 13. 14.  4.  1.  9.  7. 11.  5.  3.  2. 10.  8.  6.]  --  Cost: 93318.15234877309
Ant 2
Route order: [ 0.  4. 14. 13. 12.  7. 11.  9.  1.  6.  8. 10.  5.  3.  2.]  --  Cost: 88038.3085691389
Ant 3
Route order: [ 0. 12. 13.  1.  4. 14.  7. 11.  9.  6.  8. 10.  5.  3.  2.]  --  Cost: 85702.69532090498
Ant 4
Route order: [ 0. 12. 13. 14.  4.  1.  9. 11. 10.  8.  6.  7.  5.  3.  2.]  --  Cost: 86955.09778123413
Ant 5
Route order: [ 0. 12. 13. 14.  4.  1.  9.  7. 11.  5.  3.  2. 10.  8.  6.]  --  Cost: 93318.15234877309
Ant 6
Route order: [ 0. 12. 13. 14.  4.  1.  9.  7. 11.  6.  8. 10.  5.  3.  2.]  --  Cost: 87095.94233220161
Ant 7
Route order: [ 0. 12. 13. 14.  4.  1.  9.  7. 11. 10.  8.  6.  5.  3.  2.]  --  Cost: 88882.69795334444
Ant 8
Route order: [ 0. 12. 13. 14.  4.  1.  9. 11.  5.  3.  2. 10.  8.  6.  7.]  --  Cost: 91586.5666757533
Ant 9
Route order: [ 0. 12.  7. 11.  5.  3.  2. 10.  8.  6.  9.  1.  4. 14. 13.]  --  Cost: 87483.20043448523
Ant 10
Route order: [ 0. 12. 13. 14.  4.  1.  9.  6.  8. 10. 11.  7.  5.  3.  2.]  --  Cost: 81608.7912233732
Ant 11
Route order: [ 0. 12. 13. 14.  4.  1.  9.  7. 11. 10.  8.  6.  5.  3.  2.]  --  Cost: 88882.69795334444
Ant 12
Route order: [ 0. 12. 13. 14.  4.  1.  9.  7. 11.  5.  3.  2. 10.  8.  6.]  --  Cost: 93318.15234877309
Ant 13
Route order: [ 0. 12. 13. 14.  4.  1.  9.  7. 11. 10.  8.  6.  5.  3.  2.]  --  Cost: 88882.69795334444
Ant 14
Route order: [ 0.  7. 11.  5.  3. 12. 13. 14.  4.  1.  9.  6.  8. 10.  2.]  --  Cost: 92911.45955517897
Ant 15
Route order: [ 0. 12. 13. 14.  4.  1.  9.  7. 11.  5.  3.  2. 10.  8.  6.]  --  Cost: 93318.15234877309
Ant 16
Route order: [ 0. 12. 13. 14.  4.  1.  9.  7. 11.  6.  8. 10.  5.  3.  2.]  --  Cost: 87095.94233220161
Ant 17
Route order: [ 0. 12. 13. 14.  4.  1.  7. 11.  5.  3.  2. 10.  8.  6.  9.]  --  Cost: 91325.35726554906
Ant 18
Route order: [ 0. 12. 13. 14.  4.  1.  9.  7. 11. 10.  8.  6.  5.  3.  2.]  --  Cost: 88882.69795334444
Ant 19
Route order: [ 0. 12. 13. 14.  4.  1.  9.  6.  8. 10. 11.  7.  5.  3.  2.]  --  Cost: 81608.7912233732
Ant 20
Route order: [ 0. 12. 13. 14.  4.  1.  9.  7. 11.  5.  3.  2. 10.  8.  6.]  --  Cost: 93318.15234877309
Ant 21
Route order: [ 0. 12. 13. 14.  4.  1.  9.  6.  8. 10. 11.  7.  3.  5.  2.]  --  Cost: 84674.01328552203
Ant 22
Route order: [ 0. 12. 13. 14.  4.  1.  9.  7. 11.  5.  3.  2. 10.  8.  6.]  --  Cost: 93318.15234877309
Ant 23
Route order: [ 0. 12. 13.  4.  1.  9.  7. 11.  5.  3.  2. 10.  8.  6. 14.]  --  Cost: 92804.80925175601
Ant 24
Route order: [ 0. 12. 13.  4. 14.  7. 11.  5.  3.  2. 10.  8.  6.  9.  1.]  --  Cost: 89423.27514977663
Ant 25
Route order: [ 0. 12. 13.  4. 14.  7. 11.  5.  3.  2. 10.  8.  6.  9.  1.]  --  Cost: 89423.27514977663
Ant 26
Route order: [ 0. 12. 13.  4. 14.  7. 11.  5.  3.  2. 10.  8.  6.  9.  1.]  --  Cost: 89423.27514977663
Ant 27
Route order: [ 0. 12. 13. 14.  4.  1.  9.  7. 11.  5.  3.  2. 10.  8.  6.]  --  Cost: 93318.15234877309
Ant 28
Route order: [ 0. 12.  7. 11.  5.  3.  2. 10.  8.  6.  9.  1.  4. 14. 13.]  --  Cost: 87483.20043448523
Ant 29
Route order: [ 0. 12. 14.  4.  1.  9.  6.  8. 10. 11.  7. 13.  3.  5.  2.]  --  Cost: 89119.88638765179
Ant 30
Route order: [ 0. 12. 13. 14.  4.  1.  9.  6.  8. 10. 11.  7.  5.  3.  2.]  --  Cost: 81608.7912233732
Ant 31
Route order: [ 0. 12. 13. 14.  4.  1.  9. 11.  5.  3.  2. 10.  8.  6.  7.]  --  Cost: 91586.5666757533
Ant 32
Route order: [ 0. 12. 13. 14.  4.  1.  9.  7. 11.  5.  3.  2. 10.  8.  6.]  --  Cost: 93318.15234877309
Ant 33
Route order: [ 0. 12. 13. 14.  4.  1.  9.  7. 11.  5.  3.  2. 10.  8.  6.]  --  Cost: 93318.15234877309
Ant 34
Route order: [ 0. 12. 13. 14.  4.  1.  9. 11.  5.  3.  2. 10.  8.  6.  7.]  --  Cost: 91586.5666757533
Ant 35
Route order: [ 0. 12. 13.  1.  9.  7. 11.  5.  3.  2. 10.  8.  6.  4. 14.]  --  Cost: 92490.17890916365
Ant 36
Route order: [ 0. 12. 13. 14.  4.  1.  7. 11.  5.  3.  2. 10.  8.  6.  9.]  --  Cost: 91325.35726554906
Ant 37
Route order: [ 0. 12. 13. 14.  4.  7. 11.  5.  3.  2. 10.  8.  6.  9.  1.]  --  Cost: 90031.18174899436
Ant 38
Route order: [ 0. 12. 13. 14.  4.  1.  9.  7. 11.  5.  3.  2. 10.  8.  6.]  --  Cost: 93318.15234877309
Ant 39
Route order: [ 0. 12. 13.  1.  9.  7. 11.  5.  3.  2. 10.  8.  6.  4. 14.]  --  Cost: 92490.17890916365
Ant 40
Route order: [ 0. 12. 13. 14.  4.  1.  9.  6.  8. 10. 11.  7.  5.  3.  2.]  --  Cost: 81608.7912233732
Ant 41
Route order: [ 0. 12.  7. 11.  5.  3.  2. 10.  8.  6.  9.  1.  4. 14. 13.]  --  Cost: 87483.20043448523
Ant 42
Route order: [ 0. 12. 13. 14.  4.  1.  9.  7. 11.  6.  8. 10.  3.  2.  5.]  --  Cost: 92175.43728547743
Ant 43
Route order: [ 0. 12. 13. 14.  4.  1.  9.  7. 11. 10.  8.  6.  5.  3.  2.]  --  Cost: 88882.69795334444
Ant 44
Route order: [ 0. 12. 13. 14.  4.  1.  9.  7. 11.  5.  3.  2. 10.  8.  6.]  --  Cost: 93318.15234877309
Ant 45
Route order: [ 0.  7. 11.  5.  3. 12. 13. 14.  4.  1.  9.  6.  8. 10.  2.]  --  Cost: 92911.45955517897
Ant 46
Route order: [ 0. 12. 13. 14.  4.  1.  9.  6.  8. 10. 11.  5.  3.  2.  7.]  --  Cost: 81356.74003776001
Ant 47
Route order: [ 0. 12. 13. 14.  4.  1.  9.  7. 11.  5.  3.  2. 10.  8.  6.]  --  Cost: 93318.15234877309
Ant 48
Route order: [ 0. 12. 13. 14.  4.  1.  9.  7. 11. 10.  8.  6.  5.  3.  2.]  --  Cost: 88882.69795334444
Ant 49
Route order: [ 0. 12. 13.  4. 14.  7. 11.  5.  3.  2. 10.  8.  6.  9.  1.]  --  Cost: 89423.27514977663
---
Ant 0
Route order: [ 0. 12. 13. 14.  4.  1.  9.  7. 11.  6.  8. 10.  5.  3.  2.]  --  Cost: 87095.94233220161
Ant 1
Route order: [ 0. 12. 13. 14.  4.  1.  9.  7. 11.  8. 10.  5.  3.  2.  6.]  --  Cost: 97478.34218918832
Ant 2
Route order: [ 0. 12. 13.  4. 14.  1.  9.  7. 11. 10.  8.  6.  5.  3.  2.]  --  Cost: 89621.29152295893
Ant 3
Route order: [ 0. 12. 13. 14.  4.  1.  9.  7.  3.  5. 11. 10.  8.  6.  2.]  --  Cost: 96348.86450625316
Ant 4
Route order: [ 0. 12. 13. 14.  4.  1.  9.  7. 11. 10.  8.  6.  5.  3.  2.]  --  Cost: 88882.69795334444
Ant 5
Route order: [ 0. 12.  7. 11.  5.  3. 10.  8.  6.  9.  1.  4. 14. 13.  2.]  --  Cost: 92901.24578823693
Ant 6
Route order: [ 0. 12. 13. 14.  4.  1.  9.  6.  8. 10. 11.  7.  3.  5.  2.]  --  Cost: 84674.01328552203
Ant 7
Route order: [ 0. 12. 13. 14.  4.  1.  9.  7. 11.  8. 10.  5.  3.  2.  6.]  --  Cost: 97478.34218918832
Ant 8
Route order: [ 0. 12. 13. 14.  4.  1.  9.  7. 11. 10.  8.  6.  5.  3.  2.]  --  Cost: 88882.69795334444
Ant 9
Route order: [ 0.  7. 11.  5.  3. 12. 13. 14.  4.  1.  9.  6.  8. 10.  2.]  --  Cost: 92911.45955517897
Ant 10
Route order: [ 0. 12. 13. 14.  4.  1.  7. 11.  5.  3. 10.  8.  6.  9.  2.]  --  Cost: 98618.16877388285
Ant 11
Route order: [ 0. 12. 13. 14.  4.  1.  9.  7.  2.  3.  5. 11. 10.  8.  6.]  --  Cost: 88434.63226864075
Ant 12
Route order: [ 0. 12. 13. 14.  4.  1.  9.  7. 11. 10.  8.  6.  5.  3.  2.]  --  Cost: 88882.69795334444
Ant 13
Route order: [ 0. 12. 13. 14.  4.  1.  9.  7. 11. 10.  8.  6.  5.  3.  2.]  --  Cost: 88882.69795334444
Ant 14
Route order: [ 0. 12. 13. 14.  4.  7. 11.  5.  3.  2. 10.  8.  6.  9.  1.]  --  Cost: 90031.18174899436
Ant 15
Route order: [ 0. 12. 13. 14.  4.  1.  9.  6.  8. 10. 11.  7.  3.  5.  2.]  --  Cost: 84674.01328552203
Ant 16
Route order: [ 0. 12. 13.  4.  1.  9.  7. 11.  5.  3.  2. 10.  8.  6. 14.]  --  Cost: 92804.80925175601
Ant 17
Route order: [ 0.  7. 11.  5.  3. 12. 13. 14.  4.  1.  9.  6.  8. 10.  2.]  --  Cost: 92911.45955517897
Ant 18
Route order: [ 0. 12. 13. 14.  4.  1.  9.  7. 11. 10.  8.  6.  5.  3.  2.]  --  Cost: 88882.69795334444
Ant 19
Route order: [ 0. 12. 13. 14.  4.  1.  9.  7. 11. 10.  8.  6.  5.  3.  2.]  --  Cost: 88882.69795334444
Ant 20
Route order: [ 0. 12. 13. 14.  4.  1.  9.  7. 11.  5.  3.  2. 10.  8.  6.]  --  Cost: 93318.15234877309
Ant 21
Route order: [ 0. 12. 13. 14.  4.  1.  9.  7. 11.  5.  3.  2. 10.  8.  6.]  --  Cost: 93318.15234877309
Ant 22
Route order: [ 0. 12. 13. 14.  4.  1.  9.  7. 11. 10.  8.  6.  5.  3.  2.]  --  Cost: 88882.69795334444
Ant 23
Route order: [ 0. 12. 13.  7. 11.  5.  3.  2. 10.  8.  6.  9.  1.  4. 14.]  --  Cost: 88437.98800168825
Ant 24
Route order: [ 0.  7. 11.  5.  3. 12. 13. 14.  4.  1.  9.  6.  8. 10.  2.]  --  Cost: 92911.45955517897
Ant 25
Route order: [ 0. 12. 13. 14.  4.  1.  9.  7. 11.  5.  3.  2. 10.  8.  6.]  --  Cost: 93318.15234877309
Ant 26
Route order: [ 0. 12. 13. 14.  4.  1.  9.  7. 11.  5.  3.  2. 10.  8.  6.]  --  Cost: 93318.15234877309
Ant 27
Route order: [ 0. 12. 13.  4. 14.  7. 11.  5.  3.  2. 10.  8.  6.  9.  1.]  --  Cost: 89423.27514977663
Ant 28
Route order: [ 0. 12. 13.  7. 11.  5.  3.  2. 10.  8.  6.  9.  1.  4. 14.]  --  Cost: 88437.98800168825
Ant 29
Route order: [ 0. 12. 13.  4. 14.  7. 11.  5.  3.  2. 10.  8.  6.  9.  1.]  --  Cost: 89423.27514977663
Ant 30
Route order: [ 0. 12. 13. 14.  4.  1.  9.  7. 11.  6.  8. 10.  5.  3.  2.]  --  Cost: 87095.94233220161
Ant 31
Route order: [ 0. 12. 13. 14.  4.  1.  9.  7. 11.  6.  8. 10.  5.  3.  2.]  --  Cost: 87095.94233220161
Ant 32
Route order: [ 0. 12. 13.  4.  1.  9.  7. 11.  5.  3.  2. 10.  8.  6. 14.]  --  Cost: 92804.80925175601
Ant 33
Route order: [ 0. 12. 13. 14.  4.  1.  9.  7. 11.  5.  3.  2. 10.  8.  6.]  --  Cost: 93318.15234877309
Ant 34
Route order: [ 0.  7. 11.  5.  3. 12. 13. 14.  4.  1.  9.  6.  8. 10.  2.]  --  Cost: 92911.45955517897
Ant 35
Route order: [ 0. 12. 13.  4. 14.  7. 11.  5.  3.  2. 10.  8.  6.  9.  1.]  --  Cost: 89423.27514977663
Ant 36
Route order: [ 0. 12. 13. 14.  4.  1.  9.  7. 11. 10.  8.  6.  5.  3.  2.]  --  Cost: 88882.69795334444
Ant 37
Route order: [ 0. 12.  7. 11.  5.  3.  2. 10.  8.  6.  9.  1.  4. 14. 13.]  --  Cost: 87483.20043448523
Ant 38
Route order: [ 0. 12. 13. 14.  4.  7. 11.  5.  3.  2. 10.  8.  6.  9.  1.]  --  Cost: 90031.18174899436
Ant 39
Route order: [ 0. 12. 13. 14.  4.  1.  9.  7. 11.  6.  8. 10.  5.  3.  2.]  --  Cost: 87095.94233220161
Ant 40
Route order: [ 0. 12. 13. 14.  4.  1.  9.  7. 11. 10.  8.  6.  5.  3.  2.]  --  Cost: 88882.69795334444
Ant 41
Route order: [ 0. 12. 13. 14.  4.  1.  9.  7. 11. 10.  8.  6.  5.  3.  2.]  --  Cost: 88882.69795334444
Ant 42
Route order: [ 0. 12. 13. 14.  4.  1.  9.  7. 11. 10.  8.  6.  5.  3.  2.]  --  Cost: 88882.69795334444
Ant 43
Route order: [ 0. 12. 13. 14.  4.  1.  9.  7. 11. 10.  8.  6.  5.  3.  2.]  --  Cost: 88882.69795334444
